800 800 800
5
1 1
59
498
9
1 1
281
517
9
1 1
663
531
11
1 1
343
247
7
1 1
613
278
7
1 1
635
95
11
1 1
744
580
9
1 1
493
457
11
1 1
525
227
3
1 1
631
797
3
1 1
85
392
5
1 1
347
285
9
1 1
85
314
11
1 1
723
319
3
1 1
150
638
3
1 1
781
410
7
1 1
694
315
9
1 1
269
50
5
1 1
124
750
3
1 1
546
564
11
1 1
504
378
11
1 1
677
617
5
1 1
289
780
3
1 1
693
688
9
1 1
711
383
3
1 1
343
445
11
1 1
189
749
7
1 1
580
578
11
1 1
568
665
5
1 1
329
28
3
1 1
614
714
11
1 1
401
45
11
1 1
556
515
9
1 1
111
254
11
1 1
746
296
7
1 1
548
444
7
1 1
49
270
9
1 1
113
299
3
1 1
509
560
9
1 1
260
578
3
1 1
513
621
5
1 1
798
671
11
1 1
227
748
9
1 1
454
674
9
1 1
207
64
11
1 1
480
542
5
1 1
432
96
5
1 1
590
460
5
1 1
443
646
5
1 1
64
658
9
1 1
404
177
3
1 1
689
34
5
1 1
173
408
11
1 1
110
87
7
1 1
544
20
11
1 1
30
143
5
1 1
485
783
9
1 1
29
600
7
1 1
724
693
5
1 1
769
124
9
1 1
431
160
3
1 1
398
556
3
1 1
637
773
3
1 1
22
398
7
1 1
490
372
9
1 1
602
234
11
1 1
647
582
7
1 1
251
32
9
1 1
308
702
3
1 1
761
107
3
1 1
558
258
11
1 1
561
457
7
1 1
203
360
11
1 1
289
179
5
1 1
485
155
5
1 1
644
268
11
1 1
537
736
3
1 1
203
237
11
1 1
724
797
3
1 1
103
161
9
1 1
316
506
9
1 1
434
496
5
1 1
160
762
11
1 1
410
253
11
1 1
243
117
11
1 1
104
89
5
1 1
395
276
5
1 1
702
431
7
1 1
397
59
3
1 1
36
698
3
1 1
92
184
5
1 1
143
688
11
1 1
386
21
5
1 1
565
664
9
1 1
301
22
5
1 1
51
195
5
1 1
732
51
11
1 1
286
30
11
1 1
191
648
3
1 1
415
702
7
1 1
313
593
3
1 1
405
649
3
1 1
397
328
9
1 1
124
202
3
1 1
443
465
5
1 1
15
578
5
1 1
773
472
11
1 1
467
202
5
1 1
358
666
11
1 1
516
715
9
1 1
701
6
7
1 1
524
432
9
1 1
269
680
9
1 1
202
283
3
1 1
172
274
11
1 1
160
380
9
1 1
462
794
3
1 1
544
242
5
1 1
446
776
9
1 1
475
465
3
1 1
537
371
9
1 1
657
63
9
1 1
475
80
11
1 1
790
358
5
1 1
678
627
9
1 1
36
407
11
1 1
361
461
3
1 1
712
471
3
1 1
475
275
7
1 1
301
652
5
1 1
507
90
3
1 1
597
227
7
1 1
199
266
9
1 1
598
158
11
1 1
521
34
3
1 1
766
485
5
1 1
666
733
7
1 1
711
502
9
1 1
373
416
9
1 1
295
399
5
1 1
539
767
5
1 1
714
775
11
1 1
45
15
9
1 1
501
173
3
1 1
264
171
9
1 1
319
360
3
1 1
589
251
7
1 1
584
533
11
1 1
232
770
3
1 1
199
624
7
1 1
267
573
9
1 1
76
417
9
1 1
50
758
9
1 1
78
335
11
1 1
299
666
9
1 1
408
482
11
1 1
754
552
5
1 1
102
123
11
1 1
396
121
5
1 1
125
567
7
1 1
252
268
7
1 1
710
727
9
1 1
438
92
9
1 1
429
1
3
1 1
562
145
3
1 1
24
551
7
1 1
689
727
3
1 1
80
300
11
1 1
317
469
3
1 1
64
687
11
1 1
333
717
7
1 1
124
169
5
1 1
700
472
9
1 1
350
773
3
1 1
323
620
3
1 1
202
779
3
1 1
723
329
5
1 1
65
245
7
1 1
753
227
5
1 1
422
453
9
1 1
400
679
5
1 1
506
696
9
1 1
223
389
9
1 1
296
505
5
1 1
748
624
3
1 1
781
456
9
1 1
654
635
11
1 1
344
392
7
1 1
789
731
11
1 1
339
29
7
1 1
194
490
3
1 1
177
360
5
1 1
789
41
5
1 1
670
727
7
1 1
196
421
11
1 1
545
451
7
1 1
184
378
5
1 1
50
708
7
1 1
647
136
3
1 1
599
96
11
1 1
43
495
7
1 1
725
421
11
1 1
3
63
7
1 1
168
41
9
1 1
476
430
3
1 1
210
350
9
1 1
482
348
5
1 1
232
337
3
1 1
359
663
11
1 1
560
394
5
1 1
121
435
9
1 1
164
196
3
1 1
153
330
5
1 1
93
230
3
1 1
19
482
11
1 1
765
688
7
1 1
219
528
3
1 1
743
260
7
1 1
361
508
9
1 1
222
233
7
1 1
461
592
5
1 1
185
222
5
1 1
548
579
9
1 1
190
504
9
1 1
507
719
3
1 1
341
746
9
1 1
690
334
9
1 1
731
782
3
1 1
262
110
9
1 1
170
800
3
1 1
92
46
7
1 1
46
585
5
1 1
706
368
11
1 1
494
74
5
1 1
576
399
3
1 1
522
348
7
1 1
308
475
7
1 1
619
2
11
1 1
666
665
11
1 1
569
757
3
1 1
344
200
9
1 1
622
31
7
1 1
229
402
7
1 1
551
623
5
1 1
85
144
11
1 1
219
24
3
1 1
256
727
7
1 1
600
389
3
1 1
602
595
5
1 1
157
599
7
1 1
434
129
9
1 1
585
328
9
1 1
278
132
3
1 1
641
213
11
1 1
720
711
11
1 1
92
72
11
1 1
319
773
3
1 1
59
273
11
1 1
410
371
5
1 1
613
564
11
1 1
229
146
5
1 1
795
403
3
1 1
713
162
5
1 1
232
751
5
1 1
628
650
9
1 1
281
165
3
1 1
73
288
5
1 1
177
635
5
1 1
473
634
9
1 1
623
253
7
1 1
798
387
3
1 1
338
124
3
1 1
323
323
5
1 1
783
302
11
1 1
510
732
9
1 1
312
721
5
1 1
28
677
3
1 1
138
487
3
1 1
314
592
7
1 1
228
449
3
1 1
248
375
9
1 1
558
630
7
1 1
138
636
11
1 1
142
326
9
1 1
691
375
5
1 1
241
672
9
1 1
230
36
7
1 1
530
351
5
1 1
61
5
3
1 1
568
707
7
1 1
393
392
5
1 1
115
318
11
1 1
616
190
5
1 1
248
41
3
1 1
646
716
7
1 1
668
490
7
1 1
245
469
7
1 1
14
187
7
1 1
207
1
11
1 1
410
780
5
1 1
290
52
11
1 1
394
374
3
1 1
201
606
11
1 1
600
194
7
1 1
177
282
11
1 1
379
661
3
1 1
729
117
7
1 1
736
483
7
1 1
740
108
7
1 1
626
725
3
1 1
486
510
5
1 1
8
88
3
1 1
305
270
3
1 1
17
756
7
1 1
99
526
11
1 1
669
651
3
1 1
757
146
3
1 1
406
472
7
1 1
354
530
3
1 1
745
135
7
1 1
276
555
5
1 1
194
292
11
1 1
770
368
7
1 1
450
280
3
1 1
694
258
9
1 1
96
5
7
1 1
455
225
5
1 1
717
743
3
1 1
345
117
3
1 1
194
686
3
1 1
323
442
7
1 1
668
215
5
1 1
40
33
9
1 1
76
130
5
1 1
390
382
3
1 1
391
454
9
1 1
225
31
9
1 1
139
631
7
1 1
413
396
5
1 1
81
27
11
1 1
412
687
7
1 1
717
330
9
1 1
156
547
7
1 1
638
760
11
1 1
511
395
5
1 1
297
534
11
1 1
306
375
9
1 1
800
66
11
1 1
154
613
3
1 1
437
678
3
1 1
15
535
5
1 1
737
102
7
1 1
468
79
3
1 1
127
118
9
1 1
799
645
9
1 1
752
767
3
1 1
506
73
7
1 1
301
383
5
1 1
156
154
7
1 1
177
556
7
1 1
271
488
11
1 1
137
216
5
1 1
258
270
7
1 1
445
161
11
1 1
782
151
5
1 1
50
496
3
1 1
745
384
5
1 1
281
541
7
1 1
219
26
3
1 1
100
14
9
1 1
502
302
11
1 1
451
757
5
1 1
515
604
7
1 1
278
234
5
1 1
621
264
11
1 1
711
555
3
1 1
524
534
5
1 1
124
498
11
1 1
605
639
11
1 1
725
480
3
1 1
507
226
3
1 1
480
289
11
1 1
551
361
7
1 1
258
81
5
1 1
764
691
5
1 1
134
416
11
1 1
218
56
5
1 1
68
643
9
1 1
630
652
7
1 1
544
744
5
1 1
539
149
5
1 1
624
568
11
1 1
764
418
5
1 1
411
348
3
1 1
756
596
3
1 1
93
502
9
1 1
283
614
5
1 1
705
656
7
1 1
690
188
11
1 1
473
10
9
1 1
111
379
9
1 1
484
332
5
1 1
377
376
5
1 1
108
234
7
1 1
654
114
3
1 1
613
421
5
1 1
239
796
5
1 1
495
122
11
1 1
478
712
11
1 1
496
495
9
1 1
329
76
11
1 1
712
314
3
1 1
680
604
3
1 1
418
26
9
1 1
264
463
7
1 1
222
533
3
1 1
394
648
9
1 1
181
542
9
1 1
652
760
5
1 1
194
241
3
1 1
262
63
9
1 1
156
716
5
1 1
298
3
7
1 1
633
256
5
1 1
319
186
7
1 1
25
447
3
1 1
562
325
3
1 1
511
400
7
1 1
320
178
9
1 1
727
161
11
1 1
594
39
9
1 1
280
360
9
1 1
788
7
5
1 1
755
744
11
1 1
249
257
5
1 1
99
550
9
1 1
755
463
9
1 1
717
367
7
1 1
565
95
3
1 1
206
541
7
1 1
391
791
9
1 1
398
224
11
1 1
633
67
11
1 1
566
636
11
1 1
760
114
5
1 1
234
297
11
1 1
503
374
7
1 1
269
524
11
1 1
317
693
9
1 1
662
574
9
1 1
326
357
11
1 1
727
21
3
1 1
532
601
11
1 1
163
774
5
1 1
379
571
7
1 1
476
113
7
1 1
202
103
3
1 1
717
267
5
1 1
411
520
7
1 1
429
531
3
1 1
403
773
7
1 1
104
705
3
1 1
513
122
11
1 1
20
582
3
1 1
114
344
5
1 1
479
12
5
1 1
681
799
9
1 1
584
453
3
1 1
155
33
11
1 1
639
14
5
1 1
533
534
9
1 1
202
789
3
1 1
595
473
7
1 1
370
3
11
1 1
492
613
7
1 1
106
143
3
1 1
729
685
3
1 1
119
750
7
1 1
169
69
7
1 1
275
46
7
1 1
403
475
11
1 1
313
763
7
1 1
73
650
9
1 1
700
567
9
1 1
489
15
5
1 1
180
157
9
1 1
489
335
7
1 1
136
666
5
1 1
302
471
11
1 1
422
248
7
1 1
304
758
3
1 1
309
179
5
1 1
518
486
3
1 1
290
404
3
1 1
683
399
9
1 1
566
694
9
1 1
523
392
5
1 1
366
212
7
1 1
413
615
11
1 1
204
270
7
1 1
76
448
7
1 1
403
222
9
1 1
222
607
11
1 1
461
110
7
1 1
361
556
11
1 1
400
534
5
1 1
418
234
9
1 1
116
586
11
1 1
66
315
7
1 1
675
658
5
1 1
369
143
7
1 1
8
530
11
1 1
513
493
11
1 1
460
521
11
1 1
360
293
11
1 1
251
400
5
1 1
162
275
11
1 1
623
759
11
1 1
538
785
5
1 1
488
228
9
1 1
80
394
9
1 1
398
120
5
1 1
732
407
9
1 1
11
698
3
1 1
167
101
9
1 1
28
699
3
1 1
776
52
11
1 1
251
360
3
1 1
651
645
7
1 1
156
84
9
1 1
186
197
5
1 1
544
640
3
1 1
468
588
7
1 1
436
693
11
1 1
445
402
9
1 1
656
106
9
1 1
410
388
3
1 1
342
199
7
1 1
198
437
11
1 1
55
25
7
1 1
510
788
11
1 1
701
715
3
1 1
409
138
5
1 1
646
754
7
1 1
666
439
11
1 1
729
194
9
1 1
377
272
3
1 1
388
75
7
1 1
137
586
11
1 1
136
196
11
1 1
78
94
9
1 1
696
68
9
1 1
644
72
9
1 1
15
632
7
1 1
140
690
3
1 1
56
108
3
1 1
542
406
9
1 1
744
723
7
1 1
393
780
3
1 1
539
553
11
1 1
740
408
3
1 1
779
203
3
1 1
180
571
9
1 1
727
774
7
1 1
638
2
7
1 1
582
526
7
1 1
703
360
11
1 1
111
218
7
1 1
150
476
7
1 1
395
148
3
1 1
113
1
7
1 1
470
538
11
1 1
96
342
5
1 1
774
568
7
1 1
768
284
7
1 1
16
582
9
1 1
791
763
5
1 1
320
82
9
1 1
493
200
7
1 1
279
33
7
1 1
221
177
9
1 1
334
238
3
1 1
153
375
3
1 1
789
434
9
1 1
716
300
11
1 1
307
178
9
1 1
778
148
7
1 1
795
716
7
1 1
567
478
5
1 1
685
171
3
1 1
278
759
9
1 1
412
156
11
1 1
515
503
11
1 1
325
377
7
1 1
278
380
7
1 1
102
417
5
1 1
178
769
5
1 1
142
689
3
1 1
69
562
7
1 1
163
444
3
1 1
233
414
3
1 1
349
333
11
1 1
503
399
9
1 1
520
649
11
1 1
613
427
7
1 1
767
363
5
1 1
691
18
11
1 1
210
79
3
1 1
287
648
3
1 1
694
530
3
1 1
96
203
3
1 1
335
515
11
1 1
550
494
9
1 1
534
647
9
1 1
321
532
5
1 1
707
719
11
1 1
650
181
9
1 1
506
517
3
1 1
137
404
9
1 1
297
306
7
1 1
637
186
5
1 1
3
558
9
1 1
565
19
7
1 1
446
528
7
1 1
265
354
7
1 1
744
288
3
1 1
792
114
5
1 1
177
56
5
1 1
668
771
3
1 1
653
650
3
1 1
232
179
7
1 1
294
714
7
1 1
771
574
5
1 1
423
696
9
1 1
419
704
7
1 1
555
522
7
1 1
330
277
5
1 1
23
366
9
1 1
195
553
9
1 1
378
716
7
1 1
354
678
11
1 1
45
97
3
1 1
219
471
9
1 1
68
503
7
1 1
120
711
5
1 1
446
521
7
1 1
505
487
7
1 1
748
121
11
1 1
400
758
5
1 1
479
533
7
1 1
257
241
7
1 1
482
231
3
1 1
363
720
3
1 1
488
384
7
1 1
632
221
9
1 1
612
783
11
1 1
189
500
7
1 1
445
709
5
1 1
783
217
7
1 1
487
792
3
1 1
297
592
5
1 1
777
441
7
1 1
37
463
3
1 1
617
789
5
1 1
381
775
9
1 1
227
610
9
1 1
379
642
3
1 1
92
542
5
1 1
496
41
11
1 1
533
494
11
1 1
347
319
5
1 1
454
395
11
1 1
760
336
7
1 1
603
144
9
1 1
697
762
9
1 1
154
677
11
1 1
233
447
7
1 1
340
481
7
1 1
282
45
11
1 1
706
627
11
1 1
676
433
9
1 1
549
796
5
1 1
294
742
11
1 1
697
532
5
1 1
536
323
7
1 1
389
596
3
1 1
611
81
7
1 1
781
125
11
1 1
515
462
7
1 1
795
531
3
1 1
151
21
11
1 1
57
764
11
1 1
573
707
9
1 1
638
684
3
1 1
585
258
5
1 1
602
74
3
1 1
527
321
3
1 1
544
433
9
1 1
158
591
9
1 1
378
262
11
1 1
752
619
3
1 1
153
72
11
1 1
279
648
9
1 1
686
424
3
1 1
570
382
5
1 1
601
654
11
1 1
632
644
5
1 1
495
549
9
1 1
241
739
7
1 1
421
763
11
1 1
197
243
11
1 1
645
547
5
1 1
521
39
7
1 1
557
721
11
1 1
450
379
7
1 1
789
280
11
1 1
46
336
5
1 1
44
736
7
1 1
296
199
5
1 1
312
534
3
1 1
528
275
11
1 1
387
621
9
1 1
537
76
11
1 1
285
264
9
1 1
699
412
3
1 1
215
766
5
1 1
410
354
11
1 1
289
666
11
1 1
125
738
9
1 1
633
2
9
1 1
176
190
7
1 1
394
586
9
1 1
100
150
5
1 1
220
36
11
1 1
269
469
7
1 1
698
77
11
1 1
531
57
9
1 1
591
215
5
1 1
251
194
7
1 1
173
292
5
1 1
536
363
7
1 1
404
92
5
1 1
350
543
7
1 1
637
281
11
1 1
248
84
3
1 1
195
738
9
1 1
564
386
5
1 1
334
167
3
1 1
83
134
9
1 1
68
331
9
1 1
117
58
7
1 1
683
708
7
1 1
422
717
11
1 1
511
597
7
1 1
106
729
11
1 1
20
800
3
1 1
797
498
7
1 1
424
52
11
1 1
32
314
3
1 1
515
704
9
1 1
23
339
5
1 1
422
175
3
1 1
307
662
9
1 1
67
280
5
1 1
541
737
3
1 1
435
639
11
1 1
760
528
5
1 1
2
120
7
1 1
552
314
11
1 1
335
784
9
1 1
574
103
11
1 1
32
518
3
1 1
489
424
7
1 1
742
480
7
1 1
39
338
11
1 1
546
418
7
1 1
300
288
5
1 1
118
664
9
1 1
734
488
9
1 1
799
129
5
1 1
616
134
11
1 1
706
753
7
1 1
777
705
11
1 1
542
564
11
1 1
53
236
5
1 1
521
687
3
1 1
706
10
5
1 1
71
296
7
1 1
57
268
11
1 1
46
400
11
1 1
26
243
3
1 1
572
485
9
1 1
114
482
9
1 1
484
799
11
1 1
55
736
9
1 1
630
494
7
1 1
444
248
9
1 1
308
688
9
1 1
306
64
5
1 1
43
615
