500 500 500
5
1 1
384
220
11
1 1
117
423
5
1 1
443
141
7
1 1
406
203
7
1 1
388
262
7
1 1
90
480
5
1 1
170
420
11
1 1
441
190
9
1 1
338
466
11
1 1
438
129
7
1 1
154
306
3
1 1
86
47
7
1 1
317
55
5
1 1
64
452
5
1 1
260
248
3
1 1
376
255
11
1 1
204
403
3
1 1
358
238
11
1 1
269
214
3
1 1
404
454
7
1 1
357
339
5
1 1
252
300
5
1 1
433
390
7
1 1
68
251
7
1 1
390
466
7
1 1
41
255
5
1 1
267
158
5
1 1
406
464
9
1 1
57
428
3
1 1
330
213
5
1 1
38
484
11
1 1
461
175
9
1 1
170
87
5
1 1
313
228
3
1 1
196
451
9
1 1
427
462
9
1 1
257
131
3
1 1
97
270
7
1 1
203
131
7
1 1
191
142
5
1 1
337
365
7
1 1
67
299
5
1 1
483
366
5
1 1
438
444
5
1 1
201
29
5
1 1
173
371
3
1 1
152
407
3
1 1
469
32
3
1 1
11
240
3
1 1
327
313
5
1 1
142
474
9
1 1
382
334
3
1 1
383
220
5
1 1
205
406
9
1 1
12
75
7
1 1
398
132
9
1 1
340
88
9
1 1
184
374
7
1 1
288
180
11
1 1
10
207
7
1 1
47
159
3
1 1
238
469
11
1 1
87
360
11
1 1
195
410
5
1 1
173
470
11
1 1
21
126
3
1 1
148
419
11
1 1
421
485
3
1 1
137
321
11
1 1
243
291
11
1 1
199
387
11
1 1
391
373
7
1 1
349
369
9
1 1
177
77
5
1 1
424
106
7
1 1
132
130
11
1 1
116
189
3
1 1
413
229
9
1 1
477
39
3
1 1
472
44
5
1 1
250
402
9
1 1
439
237
9
1 1
227
198
9
1 1
200
261
11
1 1
110
58
5
1 1
114
443
9
1 1
229
344
11
1 1
394
419
5
1 1
371
485
7
1 1
251
143
11
1 1
120
461
11
1 1
3
256
7
1 1
144
378
9
1 1
188
333
7
1 1
256
434
3
1 1
108
180
7
1 1
137
497
7
1 1
500
179
7
1 1
70
281
5
1 1
26
405
3
1 1
112
478
3
1 1
210
471
11
1 1
52
364
7
1 1
248
414
3
1 1
213
282
9
1 1
298
410
11
1 1
276
409
9
1 1
208
110
9
1 1
246
15
7
1 1
262
92
9
1 1
42
456
11
1 1
196
230
9
1 1
247
180
7
1 1
451
187
9
1 1
173
38
7
1 1
205
22
5
1 1
75
153
3
1 1
216
458
3
1 1
248
175
9
1 1
40
119
9
1 1
91
416
9
1 1
361
402
5
1 1
416
61
11
1 1
36
443
3
1 1
55
310
7
1 1
73
120
3
1 1
107
227
11
1 1
38
312
7
1 1
23
443
3
1 1
241
253
7
1 1
227
313
9
1 1
66
293
3
1 1
419
13
7
1 1
145
122
5
1 1
9
460
7
1 1
319
25
5
1 1
129
20
7
1 1
348
185
5
1 1
79
100
5
1 1
300
402
3
1 1
334
181
3
1 1
381
181
5
1 1
165
97
11
1 1
232
20
5
1 1
485
148
5
1 1
189
191
9
1 1
200
140
7
1 1
483
137
5
1 1
30
487
3
1 1
43
84
7
1 1
377
379
3
1 1
87
454
5
1 1
422
104
7
1 1
191
84
7
1 1
255
462
9
1 1
303
468
9
1 1
242
45
3
1 1
458
316
5
1 1
101
192
5
1 1
499
162
3
1 1
91
71
11
1 1
434
280
5
1 1
499
132
5
1 1
475
3
11
1 1
389
275
5
1 1
183
171
3
1 1
477
393
5
1 1
465
118
3
1 1
176
262
11
1 1
6
39
11
1 1
296
287
9
1 1
267
464
11
1 1
111
13
3
1 1
99
94
9
1 1
178
409
7
1 1
125
458
11
1 1
62
69
9
1 1
63
239
3
1 1
258
239
11
1 1
332
485
7
1 1
328
376
11
1 1
202
310
11
1 1
92
83
5
1 1
221
146
9
1 1
167
292
11
1 1
187
407
3
1 1
202
101
3
1 1
394
203
5
1 1
294
429
9
1 1
449
287
5
1 1
271
59
5
1 1
352
299
3
1 1
415
243
11
1 1
5
64
3
1 1
332
43
11
1 1
376
210
9
1 1
391
182
7
1 1
241
329
5
1 1
326
79
11
1 1
290
261
3
1 1
96
12
11
1 1
300
312
5
1 1
273
409
7
1 1
149
436
3
1 1
35
64
9
1 1
71
258
3
1 1
119
465
9
1 1
230
159
9
1 1
8
116
9
1 1
18
437
7
1 1
297
235
3
1 1
490
132
11
1 1
19
168
5
1 1
170
40
11
1 1
452
146
3
1 1
69
244
3
1 1
388
322
3
1 1
381
86
3
1 1
118
314
3
1 1
180
227
3
1 1
276
498
11
1 1
226
280
11
1 1
481
491
11
1 1
215
393
11
1 1
321
467
5
1 1
498
355
11
1 1
122
183
11
1 1
345
167
5
1 1
23
439
3
1 1
222
226
7
1 1
124
485
3
1 1
282
273
3
1 1
17
340
5
1 1
2
265
11
1 1
175
168
11
1 1
362
99
5
1 1
494
318
3
1 1
267
393
3
1 1
147
263
5
1 1
227
343
5
1 1
71
397
7
1 1
26
480
11
1 1
33
77
5
1 1
355
188
7
1 1
20
86
11
1 1
99
372
11
1 1
471
231
9
1 1
102
43
9
1 1
50
354
7
1 1
266
15
3
1 1
379
138
5
1 1
203
346
5
1 1
49
188
5
1 1
21
232
9
1 1
308
137
7
1 1
62
349
11
1 1
18
107
3
1 1
425
339
3
1 1
214
459
5
1 1
441
430
7
1 1
57
178
5
1 1
403
253
3
1 1
261
276
7
1 1
498
393
9
1 1
435
148
11
1 1
404
69
7
1 1
413
388
7
1 1
40
328
5
1 1
128
89
7
1 1
58
12
7
1 1
145
283
3
1 1
131
344
9
1 1
391
118
3
1 1
65
123
5
1 1
265
166
5
1 1
32
332
3
1 1
115
34
3
1 1
408
330
11
1 1
459
4
3
1 1
486
157
11
1 1
97
20
3
1 1
114
228
5
1 1
343
476
7
1 1
15
474
5
1 1
317
89
7
1 1
351
484
11
1 1
398
176
11
1 1
96
476
3
1 1
432
305
9
1 1
432
485
7
1 1
186
465
5
1 1
416
150
7
1 1
177
178
11
1 1
66
299
5
1 1
145
225
11
1 1
440
100
3
1 1
430
130
5
1 1
148
357
3
1 1
295
368
7
1 1
136
1
3
1 1
332
22
5
1 1
341
471
11
1 1
494
257
5
1 1
2
188
7
1 1
446
280
3
1 1
209
246
11
1 1
150
147
11
1 1
1
82
7
1 1
269
384
5
1 1
114
111
9
1 1
280
211
11
1 1
122
460
5
1 1
258
98
9
1 1
155
438
5
1 1
115
371
9
1 1
217
203
3
1 1
353
286
5
1 1
450
221
11
1 1
359
377
9
1 1
481
340
3
1 1
425
235
9
1 1
484
40
9
1 1
321
298
9
1 1
101
361
9
1 1
248
140
9
1 1
494
87
3
1 1
92
195
7
1 1
389
300
11
1 1
483
397
9
1 1
308
340
9
1 1
181
4
5
1 1
69
475
11
1 1
167
16
7
1 1
216
393
9
1 1
460
206
7
1 1
361
469
3
1 1
425
418
11
1 1
21
210
5
1 1
482
51
11
1 1
101
258
11
1 1
4
162
9
1 1
261
182
7
1 1
78
354
3
1 1
454
272
3
1 1
16
69
9
1 1
200
200
11
1 1
184
486
9
1 1
6
15
3
1 1
86
369
5
1 1
396
146
11
1 1
381
143
5
1 1
218
332
9
1 1
316
493
3
1 1
283
170
7
1 1
410
298
3
1 1
166
313
3
1 1
239
60
3
1 1
79
344
9
1 1
21
255
5
1 1
251
38
7
1 1
176
368
3
1 1
273
492
3
1 1
246
364
3
1 1
468
319
9
1 1
38
180
9
1 1
369
242
7
1 1
457
252
11
1 1
184
360
9
1 1
270
136
11
1 1
288
358
3
1 1
292
121
11
1 1
415
477
5
1 1
54
313
3
1 1
269
123
9
1 1
138
303
3
1 1
366
51
7
1 1
165
122
11
1 1
488
302
9
1 1
139
286
5
1 1
97
338
11
1 1
204
84
11
1 1
244
447
3
1 1
418
177
9
1 1
271
146
7
1 1
95
447
7
1 1
369
38
5
1 1
222
313
3
1 1
386
345
3
1 1
45
327
5
1 1
427
128
5
1 1
382
247
9
1 1
168
76
9
1 1
131
85
3
1 1
165
115
3
1 1
235
490
3
1 1
361
257
5
1 1
448
168
7
1 1
258
9
3
1 1
27
259
11
1 1
251
150
9
1 1
80
264
5
1 1
496
108
5
1 1
317
477
7
1 1
168
2
3
1 1
429
218
3
1 1
172
450
3
1 1
237
362
3
1 1
490
292
5
1 1
382
223
5
1 1
255
304
7
1 1
138
373
11
1 1
295
342
9
1 1
148
482
9
1 1
87
202
5
1 1
117
430
3
1 1
150
398
9
1 1
196
86
5
1 1
100
294
11
1 1
300
360
9
1 1
335
272
3
1 1
271
160
11
1 1
306
30
11
1 1
392
161
3
1 1
499
395
11
1 1
317
498
11
1 1
448
50
11
1 1
315
128
3
1 1
81
148
9
1 1
355
165
9
1 1
343
335
3
1 1
144
12
3
1 1
474
274
5
1 1
50
11
7
1 1
137
112
5
1 1
362
264
7
1 1
418
285
5
1 1
229
102
11
1 1
306
288
7
1 1
268
361
5
1 1
334
44
7
1 1
31
48
9
1 1
286
129
9
1 1
436
78
9
1 1
359
129
5
1 1
451
88
11
1 1
173
247
11
1 1
361
388
9
1 1
90
358
9
1 1
296
257
5
1 1
482
418
5
1 1
337
20
11
1 1
409
463
9
1 1
160
204
3
1 1
468
461
3
1 1
300
413
7
1 1
62
259
9
1 1
176
93
5
1 1
102
322
3
1 1
436
238
7
1 1
196
50
7
1 1
162
106
11
1 1
143
428
5
1 1
414
485
3
1 1
487
118
5
1 1
333
162
7
1 1
394
216
7
1 1
242
294
11
1 1
194
246
11
1 1
12
206
7
1 1
127
341
11
1 1
414
97
5
1 1
360
107
11
1 1
269
329
7
1 1
229
130
5
1 1
402
32
7
1 1
332
109
3
1 1
261
69
11
1 1
66
64
5
1 1
241
306
5
1 1
402
294
11
1 1
366
443
5
1 1
169
109
7
1 1
407
338
11
1 1
495
180
9
1 1
90
440
5
1 1
361
11
11
1 1
194
179
9
1 1
324
45
11
1 1
82
39
3
1 1
318
25
9
1 1
469
205
7
1 1
13
265
7
1 1
470
336
9
1 1
490
55
11
1 1
95
479
3
1 1
178
14
5
1 1
175
440
5
1 1
453
83
9
1 1
8
417
9
1 1
149
82
