800
100
1 83
2 50
2 11
2 28
2 122
1 58
1 123
2 114
1 121
1 53
2 66
2 82
1 133
1 128
2 74
2 30
1 86
2 127
2 72
1 110
2 50
2 34
1 148
2 23
2 90
2 86
2 149
2 65
2 5
2 74
1 92
1 11
2 144
1 45
2 138
2 141
2 13
2 32
2 127
2 53
2 97
1 126
2 10
2 86
1 47
2 70
2 91
2 38
1 17
1 124
2 134
1 11
2 32
2 27
2 45
2 66
2 31
2 147
1 24
2 105
1 116
2 70
2 59
1 30
2 58
2 93
2 74
2 143
1 135
2 56
1 91
2 119
2 55
2 146
2 66
1 75
2 95
2 20
2 108
1 66
2 83
1 115
2 133
2 24
2 37
1 86
2 54
1 131
2 121
1 17
2 66
2 101
2 108
2 18
2 91
1 111
1 62
1 46
1 117
1 72
