3040
91
2 373
2 520
2 761
2 134
2 107
2 131
2 647
2 447
2 134
1 564
2 498
2 321
2 654
2 762
2 331
2 86
2 92
2 263
2 273
2 119
2 9
2 626
2 294
2 145
2 636
2 119
2 494
2 319
2 148
2 27
2 601
2 102
2 675
2 163
1 503
2 502
2 742
2 645
2 245
2 452
2 691
2 134
2 465
2 260
2 301
2 417
1 143
2 365
2 75
2 321
2 504
2 109
2 75
2 568
2 467
2 524
2 648
2 683
2 87
2 141
2 623
2 500
1 517
2 715
2 285
2 745
2 389
1 662
2 719
2 505
2 619
2 361
2 258
2 222
2 513
2 698
2 751
1 135
1 6
2 593
2 209
2 427
2 281
1 344
2 573
2 760
2 152
2 174
2 213
2 328
2 597
