3869
86
1 579
1 670
1 100
1 164
1 167
1 330
1 466
1 678
1 318
1 202
1 8
1 158
1 174
1 627
1 653
1 29
1 626
1 302
1 641
1 672
1 597
2 524
1 202
1 39
1 269
1 414
1 644
1 321
1 334
1 25
1 349
1 158
1 24
1 104
1 219
1 617
1 411
1 96
1 67
1 222
1 402
1 709
1 282
1 209
1 40
1 643
1 144
1 603
1 410
1 706
1 577
1 370
1 346
1 243
1 179
1 38
1 286
1 233
1 450
1 43
1 96
1 579
1 287
1 49
1 366
1 441
1 600
1 707
1 535
2 165
1 263
1 426
1 62
1 113
1 655
1 93
1 284
1 406
1 35
1 221
1 101
1 258
1 654
1 330
2 28
1 26
