26
487
1 6
1 33
2 6
1 5
1 13
2 30
1 12
1 14
2 29
1 24
1 5
2 30
1 11
1 6
1 7
1 9
2 11
1 28
1 26
1 31
1 33
1 12
1 31
1 7
1 12
1 18
1 27
1 14
1 24
1 29
1 2
1 30
1 28
1 1
1 24
1 30
2 11
1 9
1 7
1 15
1 21
1 20
1 33
1 9
1 27
1 6
1 6
2 4
1 15
2 29
1 18
2 6
1 4
1 14
2 13
1 2
1 3
2 14
2 34
1 27
2 19
1 28
1 33
1 27
1 9
2 17
1 23
1 4
1 27
2 31
1 32
1 12
1 21
1 15
1 4
2 34
1 24
2 24
2 25
2 15
2 6
1 15
1 25
1 28
1 18
2 10
1 14
1 16
1 9
1 21
1 28
1 17
1 2
1 23
1 8
2 12
2 10
1 22
1 2
1 9
1 32
1 29
1 23
2 17
2 3
1 28
1 8
2 31
1 7
1 4
1 14
1 30
1 30
1 8
2 15
1 14
2 19
1 15
1 7
1 12
1 9
2 1
1 6
2 1
1 11
1 25
1 1
1 1
1 33
2 31
2 4
2 1
1 17
1 30
2 9
2 11
1 29
1 33
1 18
1 3
1 13
1 28
1 25
1 34
2 20
2 7
2 9
1 33
1 6
1 11
1 14
1 2
2 22
2 20
2 12
1 7
1 28
1 25
1 4
1 28
1 8
2 5
1 26
1 19
1 17
2 32
1 1
2 28
1 19
2 21
1 26
2 14
1 21
2 10
2 24
1 7
1 30
2 29
1 4
2 30
2 8
2 19
1 33
2 13
1 24
1 8
2 28
2 19
2 14
1 19
2 6
1 31
1 9
2 20
1 33
1 7
1 5
1 26
1 25
1 28
1 31
1 20
1 32
1 18
1 8
1 16
1 6
2 4
1 5
1 6
2 32
1 6
1 19
1 25
1 24
1 33
1 10
1 14
1 17
1 2
1 27
2 23
1 16
1 34
2 11
2 27
1 26
1 15
2 13
1 25
2 3
1 18
1 23
1 30
1 13
1 2
1 25
1 8
1 11
1 3
1 34
1 31
2 12
1 8
1 15
1 27
1 28
1 30
1 17
1 7
1 26
2 13
1 32
1 19
1 20
1 2
1 33
1 6
1 13
1 20
1 8
1 13
1 4
1 3
1 16
1 27
1 9
1 23
1 19
1 28
2 11
2 9
1 16
1 8
1 17
1 23
1 5
1 19
1 33
2 13
1 23
2 15
1 34
1 5
2 13
1 16
2 25
2 11
2 29
1 27
1 23
1 8
1 20
1 34
1 20
1 9
1 26
1 17
1 20
2 16
2 23
1 28
1 33
2 32
1 17
2 23
1 14
1 10
1 30
1 12
1 16
1 30
1 8
2 2
1 15
2 10
1 4
1 5
1 4
1 19
1 22
2 14
1 33
1 3
1 23
1 21
1 3
1 1
1 16
2 22
1 8
2 30
2 16
2 14
2 20
2 1
2 34
2 3
1 9
1 7
1 18
1 26
1 1
1 12
1 21
1 29
1 16
2 17
2 20
2 1
1 23
1 24
2 24
1 27
2 15
1 33
1 28
1 2
2 29
1 22
1 30
1 34
1 16
1 16
2 12
2 4
1 6
1 14
2 33
1 3
1 14
1 20
1 1
1 14
1 8
1 29
1 16
1 30
1 2
1 24
1 28
1 2
1 24
1 2
1 32
1 25
2 10
1 10
1 33
2 1
1 15
2 15
2 3
2 32
1 23
1 6
1 27
1 27
1 11
1 24
1 25
2 10
1 4
1 7
1 20
1 32
1 28
1 33
1 16
1 27
1 1
2 8
1 31
2 4
1 34
2 9
1 8
1 16
1 11
1 25
1 7
1 21
1 2
1 25
1 11
2 23
2 32
1 26
1 18
1 32
2 1
1 8
1 3
1 13
1 5
1 17
1 9
1 4
2 7
1 18
1 12
2 16
1 10
2 12
1 15
2 33
1 19
1 6
1 24
1 33
1 29
2 8
1 26
1 21
2 34
1 21
1 18
2 30
1 13
2 34
2 18
1 14
1 26
1 31
2 27
1 10
2 11
1 18
1 10
1 5
1 10
1 7
1 33
1 7
1 5
1 6
2 1
1 11
1 33
1 18
1 23
1 20
1 17
1 22
2 9
2 22
1 24
