4 5
aeasxldxgvfmkezthwfvhvpyjxojgkrqrxdjcosghxgqrybxmnfuzlamnrddofrsebqzqxbkmjxs
11 27
14 29
15 19
12 10
1 20
ektqcafqt
24 11
21 7
20 6
15 14
18 19
kpoersjrlsymsynhvfiofxyozbyesujfymrrsdmmfktqnkplwuc
1 24
8 16
4 22
8 13
4 11
rpkudpnerqrbkaueajjwnjhkxzkhxdbwwilmuiogdsrifnfwijhsyeqsqmj
8 11
2 5
5 2
14 3
7 5
30
0 0 2 0 0 0 0 0 1 1 0 0 0 0 0 0 1 0 0 0 0 0 0 0 0 0 0 0 0 0
0 0 2 0 0 0 0 0 0 0 0 2 0 0 0 0 0 0 0 2 0 2 2 0 0 0 0 1 0 0
0 0 0 0 0 0 0 0 0 0 0 0 0 0 2 0 0 0 0 2 1 2 0 0 0 0 0 0 0 1
0 0 0 0 0 0 0 0 0 0 0 2 0 0 0 0 0 0 0 1 2 0 0 0 0 2 0 0 0 0
0 0 0 0 0 0 0 0 0 2 0 0 0 0 0 0 0 0 0 0 0 0 0 0 0 0 2 0 1 0
0 2 0 0 0 0 0 0 0 0 0 0 0 0 0 0 0 0 0 0 0 0 0 0 0 1 0 0 2 0
0 0 0 0 0 0 0 0 0 0 0 0 0 0 2 0 0 0 0 0 0 0 0 0 1 2 0 0 2 0
0 0 0 2 1 1 0 0 0 0 0 0 0 0 0 2 0 1 0 0 0 0 1 0 0 0 0 2 0 0
0 0 0 0 0 0 0 0 0 0 0 0 2 2 0 1 0 0 0 0 0 2 0 0 0 2 1 0 0 0
0 0 0 0 1 0 0 0 0 0 0 0 0 0 0 1 2 0 0 0 1 1 0 0 0 0 0 0 0 0
0 0 0 0 0 0 0 0 0 0 0 0 0 1 0 1 0 2 0 1 0 1 2 0 0 0 0 2 0 0
0 0 0 0 1 0 0 0 0 0 0 0 0 0 1 0 0 0 2 0 0 0 0 0 0 0 2 0 1 0
0 0 0 0 1 0 0 0 0 0 0 1 0 2 0 1 0 0 0 0 0 2 1 2 0 0 0 0 0 0
2 0 0 0 0 0 0 0 0 0 0 0 0 0 0 0 0 0 0 0 0 2 0 0 0 2 0 0 2 0
1 0 2 1 0 2 0 0 0 0 0 0 0 2 0 0 2 0 0 0 0 0 0 2 0 0 0 0 2 0
1 0 1 0 0 0 0 1 0 0 0 0 2 0 0 0 0 0 0 0 0 0 0 0 0 0 0 0 0 0
2 0 0 0 0 0 0 0 0 0 0 0 1 0 2 0 0 0 0 0 0 0 0 0 0 0 0 0 1 0
0 0 1 2 0 0 2 0 0 2 0 0 1 0 0 0 2 2 0 0 0 0 0 0 0 2 1 1 1 0
0 0 1 0 0 0 0 2 0 2 0 0 1 1 0 0 0 0 0 0 0 0 0 0 1 0 1 0 1 0
0 0 0 0 0 0 0 0 0 0 0 0 0 1 0 0 0 0 1 1 0 0 0 2 2 0 0 0 0 2
0 2 2 0 0 0 0 0 0 0 0 0 1 0 0 0 0 0 0 1 0 1 2 0 0 0 0 0 0 0
0 0 0 0 2 0 0 0 0 0 0 2 0 0 0 2 0 0 1 0 0 0 0 2 0 0 0 0 0 0
0 0 0 0 1 0 0 0 0 0 0 0 0 1 0 0 0 2 0 1 0 2 0 0 0 0 2 0 0 0
0 0 0 1 0 0 2 0 0 0 0 0 2 2 0 0 0 0 1 0 0 0 0 0 0 0 0 0 1 0
0 2 0 0 0 0 0 0 0 0 0 0 0 1 1 0 0 0 0 0 0 0 1 0 0 2 0 0 2 0
0 1 0 0 0 0 0 0 0 0 0 0 0 0 2 2 1 0 0 2 0 0 0 0 0 0 2 0 0 0
0 0 0 1 0 0 0 2 0 2 0 1 1 0 0 0 0 0 0 0 0 1 0 0 1 0 0 0 2 0
0 0 2 0 0 0 0 0 1 0 0 0 1 0 0 1 0 1 0 0 0 1 2 1 1 0 0 0 0 1
0 0 2 0 0 0 0 0 0 0 0 0 1 0 0 0 0 0 0 0 2 0 0 0 0 1 1 0 0 0
1 0 1 0 0 0 0 0 0 1 0 1 0 0 0 2 0 0 0 1 2 0 2 0 0 0 2 1 1 0
6 3
