4 5
cjtkjxdhmdeeimjnzrwtujvatfpaytpzwaxtxyrbhyzpfrnyzcfchtzvlwlgtcoxdjwtbmhhgrfrxrdws
28 27
32 26
26 33
26 32
24 33
fsfumufsasxa
5 24
5 22
10 22
14 23
21 26
izlucmjijvjgxeezdrztxcpbixhmiomruzgnhtvxsmbcnfjgghptzrpjsfdzfzzinwbhalouixaml
18 7
21 16
34 20
32 17
32 14
xkydmlnadyiozaegzkosmasgzdgsxfzbvojmezwcmpsrsvzojcptbhzhkuhwhqberrnrjhiyacfdcymqeuewee
2 28
3 34
7 35
1 28
8 24
35
0 0 0 0 2 0 0 0 0 0 0 0 0 0 0 0 0 1 0 0 0 0 0 0 0 0 0 0 0 0 0 0 0 0 0
0 0 0 0 0 0 0 0 0 0 1 0 0 0 0 0 0 0 0 0 2 0 0 0 0 0 0 0 0 0 0 0 0 0 0
0 0 0 0 0 0 0 0 2 0 0 0 0 2 0 0 0 0 2 0 2 0 0 0 0 0 0 0 2 0 0 0 0 0 0
2 0 1 1 0 2 0 0 1 0 0 0 0 2 0 0 0 0 0 0 0 0 0 0 0 0 0 0 0 0 0 0 0 2 2
0 1 1 2 0 0 0 0 0 0 0 0 2 0 1 0 0 2 2 1 0 0 0 0 0 0 0 0 1 0 0 0 0 0 0
0 1 0 0 0 0 1 0 0 0 0 1 0 1 1 0 0 2 0 0 0 0 0 0 0 0 0 0 0 0 1 0 0 0 0
0 0 2 0 1 0 0 0 0 0 0 0 2 0 0 0 0 0 0 0 0 0 0 0 0 0 0 0 0 0 0 1 0 0 0
0 0 0 0 0 0 0 0 0 0 0 0 0 0 0 0 0 0 0 0 2 0 0 0 0 2 0 0 1 1 0 0 0 2 2
2 0 0 0 0 0 0 1 0 0 0 0 0 0 0 0 0 0 0 0 0 0 0 0 0 0 0 0 2 2 0 2 0 0 0
0 0 2 0 0 0 0 0 0 2 0 0 0 1 2 0 0 0 0 0 0 0 0 0 0 0 0 0 0 2 0 0 0 1 0
0 0 2 0 0 0 0 0 0 1 0 0 0 0 2 0 0 0 0 0 0 0 0 0 2 0 0 0 0 0 0 2 0 0 0
0 1 0 0 0 0 0 0 1 0 2 0 0 1 0 1 1 0 2 2 0 0 0 1 0 1 0 0 0 0 0 0 2 0 1
0 0 0 0 0 0 2 0 2 0 0 0 0 0 0 0 0 1 0 0 0 0 0 0 1 2 1 1 0 0 0 0 0 0 0
1 0 0 0 0 0 0 0 0 0 0 0 1 0 0 0 0 0 0 0 0 0 0 0 0 0 1 2 0 0 0 0 0 0 0
0 0 1 0 1 0 1 0 0 0 0 0 2 1 0 0 0 0 0 2 0 2 0 0 0 2 0 0 2 1 2 0 0 0 2
0 0 0 0 1 0 0 0 0 0 1 0 1 0 0 0 0 0 0 0 0 0 0 0 0 0 0 0 0 0 0 0 2 0 0
0 0 1 0 0 0 0 0 0 0 0 0 2 0 0 0 0 0 0 1 0 0 0 0 0 0 0 0 0 0 0 2 1 1 0
0 0 1 0 2 0 0 0 0 1 0 0 0 2 2 0 0 0 1 0 1 0 0 0 0 0 0 2 2 0 0 1 2 0 0
0 0 1 0 0 0 0 0 0 0 0 2 0 0 2 1 0 0 2 0 0 0 0 0 0 0 1 1 2 1 0 0 0 0 1
2 0 0 2 0 1 0 0 0 0 2 0 0 0 0 0 0 2 0 0 1 0 0 0 0 0 0 0 0 0 0 1 1 1 2
0 0 0 0 0 0 0 0 1 1 2 0 2 0 0 0 0 0 0 0 0 0 0 0 0 0 0 0 0 0 0 0 0 0 1
0 0 0 0 0 1 0 1 0 0 0 0 1 0 0 2 2 0 0 0 2 1 0 2 0 0 0 2 0 0 1 0 0 0 0
0 0 0 1 2 0 0 0 0 1 0 0 0 0 0 0 0 0 1 0 1 0 0 0 0 0 0 0 0 0 0 2 0 0 0
0 0 2 1 0 0 0 1 0 0 0 0 0 0 0 0 0 0 0 1 2 0 0 0 1 2 0 0 2 0 0 0 0 0 2
0 2 1 0 1 2 0 0 1 0 0 0 2 1 0 0 0 0 0 0 0 0 0 0 0 0 0 0 0 0 0 0 0 0 0
1 2 0 1 0 0 0 0 0 0 0 0 0 0 0 0 0 0 1 0 0 0 0 0 2 0 0 0 0 0 0 0 0 0 0
0 0 0 0 0 2 0 0 1 2 0 0 0 0 0 0 0 0 0 0 0 0 0 0 0 0 0 0 0 0 0 2 0 0 0
0 1 1 0 1 0 0 2 0 0 2 0 2 0 1 2 0 0 0 0 0 2 0 0 2 0 0 0 0 0 0 0 0 2 0
0 0 0 0 0 0 0 0 0 0 0 0 0 0 0 0 0 0 0 0 0 0 0 0 0 0 0 0 0 2 0 0 2 0 0
0 0 0 0 0 0 0 0 0 0 0 0 0 0 0 0 0 0 0 0 0 2 0 0 0 0 0 0 0 0 0 1 0 0 1
1 0 1 0 1 0 2 1 0 1 0 1 2 0 0 0 0 0 0 2 0 0 0 0 0 0 0 0 0 1 0 0 2 0 0
1 0 2 0 0 0 1 0 0 0 0 0 0 0 0 0 0 0 2 0 0 0 0 0 1 0 0 0 0 2 0 1 1 0 1
0 0 1 0 0 2 0 0 1 2 0 0 0 0 0 0 0 0 0 0 0 0 0 0 0 2 0 2 0 0 1 2 0 0 1
0 0 0 0 0 0 2 1 2 0 0 0 0 0 0 0 0 0 0 0 0 1 0 1 0 2 2 0 0 0 1 0 0 0 0
0 0 2 0 0 0 1 0 0 2 0 1 1 0 0 0 0 0 0 2 0 0 1 2 0 0 2 0 0 0 0 2 0 0 0
8 3
