3 5
htbchjyqmbiwygicgare
10 9
7 3
8 8
9 5
2 7
qjdsjmlyoxxxebdovczqdnawsbbrlfesxrundirucdxowzfoenaturnloazjvsm
17 14
20 13
20 11
18 4
20 12
wvk
9 15
14 11
11 11
9 20
9 17
20
0 1 1 2 0 0 0 0 0 1 1 1 1 1 2 0 1 0 1 1
0 1 2 2 0 2 0 0 0 0 0 1 2 1 0 0 0 0 0 0
2 1 0 0 1 0 0 0 2 2 0 1 0 0 1 0 1 0 1 1
1 0 0 0 0 0 1 1 0 0 0 0 0 2 0 0 0 0 0 2
2 0 2 1 0 0 0 0 0 0 1 2 0 0 0 1 0 0 0 0
2 0 0 2 0 0 0 0 0 0 0 0 0 0 2 0 0 0 0 1
2 0 0 0 0 2 0 2 0 0 2 2 0 0 0 0 0 0 1 0
0 0 0 0 0 0 0 2 0 0 2 0 0 0 0 0 0 2 0 0
0 0 0 0 0 2 2 0 0 0 2 0 0 0 0 0 0 0 0 0
0 0 0 1 0 0 0 0 0 0 0 0 0 0 2 0 0 0 0 0
2 2 0 0 0 0 0 0 0 2 2 0 2 0 0 0 0 2 0 0
1 2 1 2 0 2 0 0 0 0 0 1 1 2 0 1 0 0 0 0
0 0 0 2 0 1 0 2 0 0 1 0 0 0 2 1 0 0 0 0
1 2 0 2 0 1 0 0 0 0 0 0 0 0 0 0 0 2 0 0
0 1 1 1 1 1 1 2 0 0 0 0 0 0 0 2 2 0 0 1
0 1 1 0 1 0 0 0 0 0 0 0 0 0 0 0 0 2 0 0
0 1 1 0 1 0 2 0 0 0 0 0 2 0 0 0 0 0 2 1
0 0 0 0 0 0 0 0 2 0 2 0 0 0 0 0 2 2 0 1
0 0 1 2 0 0 0 0 0 0 0 2 0 0 0 0 2 0 0 1
1 1 0 0 2 0 0 0 1 0 0 0 0 0 0 0 0 0 0 1
7 3
