4 5
ibcktdilgjcfzb
13 6
20 6
16 7
9 5
16 13
jjaphdh
5 6
14 4
14 7
25 8
23 12
mnwnumxchwwwjqta
6 12
4 15
6 14
14 10
18 12
zfelopvhmccdyuurddicneruawrvpnqemfzibumfdkwualeddjjrunpbcewldgcdvbzrwkkegqzozulsjpbjo
20 23
20 17
21 22
24 24
20 17
25
1 0 0 0 0 0 0 0 0 0 1 0 0 1 0 0 0 0 0 0 0 0 0 1 0
0 1 1 0 0 0 0 2 0 0 0 0 0 0 0 0 2 0 0 0 0 0 0 0 1
0 0 0 0 0 0 0 1 2 0 1 0 0 2 0 0 0 0 0 1 0 0 0 1 0
0 0 1 1 0 0 1 0 0 1 1 0 0 0 2 0 0 0 2 0 0 0 0 0 0
0 0 0 0 0 0 1 0 1 0 0 0 0 0 0 0 0 2 0 0 0 0 1 0 1
1 1 0 0 0 0 1 1 2 0 2 0 0 0 0 0 0 1 1 0 2 1 0 0 0
0 0 1 1 0 0 0 2 0 0 0 0 0 0 0 0 0 1 0 0 0 0 1 1 0
0 0 2 0 0 0 0 0 1 0 0 0 2 0 0 1 0 0 0 0 0 2 2 0 0
0 0 0 0 0 0 2 2 1 0 0 0 0 0 0 1 0 0 0 0 0 1 1 1 0
0 0 2 0 0 0 0 0 0 0 1 0 0 0 0 0 0 0 0 1 1 1 0 1 0
0 2 0 0 0 0 0 0 0 0 0 0 0 0 0 0 0 2 0 0 0 0 0 0 0
0 2 0 0 0 0 2 0 0 0 0 0 0 2 0 0 0 0 2 0 0 0 1 0 2
0 0 0 0 0 0 0 0 0 0 0 0 0 0 0 1 0 2 0 0 0 0 0 0 0
1 0 0 2 0 0 0 0 0 0 2 0 0 0 0 0 2 2 0 0 0 1 0 0 0
1 0 0 0 0 0 0 0 2 0 0 0 2 0 0 2 0 0 0 0 0 1 0 0 0
1 0 2 0 0 0 0 2 0 0 0 0 0 0 0 0 0 0 0 0 1 0 0 0 0
0 0 0 1 0 0 0 0 0 0 0 2 0 0 0 0 0 0 0 0 0 0 0 0 0
0 0 0 0 2 0 0 2 0 0 0 0 0 1 1 0 0 0 0 2 0 0 0 0 0
0 0 0 0 2 0 0 0 0 0 0 0 0 1 2 2 2 0 0 2 0 2 0 0 0
0 0 0 0 0 0 0 1 0 0 2 0 0 0 0 2 2 0 0 2 0 2 0 0 0
0 0 1 0 0 0 0 0 0 0 2 0 0 0 0 0 0 0 0 2 0 0 0 0 0
0 0 0 1 0 0 2 0 0 0 0 0 0 0 0 0 0 0 0 0 1 2 0 0 0
0 0 0 2 0 0 0 0 0 0 2 0 0 0 0 0 0 0 0 2 0 0 1 0 0
0 0 0 0 0 0 0 0 1 0 0 0 0 0 0 0 0 0 0 0 0 0 0 2 2
2 2 0 0 0 0 0 0 0 0 2 0 0 0 0 0 0 0 0 0 0 0 0 0 0
16 9
