3 5
joppzpcpwplcyzknuziwxboxhcwxaklcypygkwyvspztoxawareadcikgjbhfcbsrbyimugxdbgruze
17 8
19 9
17 8
14 5
15 9
velzp
17 6
3 9
5 4
7 4
11 8
wpaowdhxskdkkyhfdutfgmczokrhudnpfijnpddnyfgeabdthkub
17 4
16 3
15 2
13 3
8 12
20
1 0 2 2 2 0 0 0 0 1 1 2 0 2 2 0 0 0 0 0
0 0 1 0 0 2 0 0 0 0 0 2 0 0 0 1 0 1 1 1
2 2 0 0 0 0 1 0 0 2 1 1 0 0 0 1 0 0 0 1
2 0 2 0 0 0 0 0 0 0 1 0 2 0 1 1 0 0 0 2
0 0 0 0 0 0 0 0 0 0 0 0 2 2 0 1 1 2 1 2
0 0 0 2 0 0 0 0 2 0 2 1 1 0 0 2 0 1 1 1
0 0 0 0 1 1 0 0 0 2 0 0 0 0 0 2 0 1 0 2
1 2 0 1 0 0 0 0 2 0 0 0 0 0 0 0 0 0 0 0
0 0 0 0 0 0 0 2 2 1 0 0 0 1 0 0 0 1 0 1
0 2 0 1 0 1 2 0 2 0 0 0 0 0 1 0 0 0 2 2
0 0 0 0 2 0 0 0 0 2 0 0 0 0 0 1 0 2 1 0
0 0 1 0 0 0 0 0 0 0 0 0 0 2 0 0 2 0 0 0
2 2 0 0 0 0 0 0 0 0 0 0 0 1 0 0 2 0 0 0
1 0 2 0 0 0 0 0 0 0 0 2 0 0 0 0 1 0 0 0
0 2 0 0 0 0 0 0 2 2 2 0 0 0 0 0 1 1 1 1
0 0 0 0 0 0 0 2 1 0 1 0 0 0 0 2 1 2 0 0
0 0 0 0 0 0 2 0 0 0 0 1 1 0 0 0 1 1 0 0
0 0 0 1 2 0 0 0 0 0 0 0 2 2 0 0 2 0 0 1
0 0 0 0 0 0 0 0 0 0 0 0 0 2 1 1 1 0 1 0
0 0 0 0 0 0 0 0 0 0 0 2 0 0 2 0 1 0 0 0
19 9
