716226.305 295582.926
500 4
Suspect0
480126.038 585682.258
480150.826 585635.755
480107.788 585600.713
480066.038 585660.580
Suspect1
716227.038 295703.255
716211.417 295626.337
716158.712 295553.786
716065.253 295562.653
Suspect2
231106.336 94898.132
231025.501 94846.707
231042.029 94796.738
230973.097 94777.745
Suspect3
560940.460 313021.423
560931.083 312924.979
560976.659 312976.790
561027.785 313015.277
Suspect4
716298.771 295564.598
716280.024 295659.796
716270.591 295582.323
716349.759 295541.442
Suspect5
230929.356 458282.990
231008.215 458286.245
230944.484 458248.988
230988.300 458170.445
Suspect6
870237.852 475723.268
870310.819 475667.521
870402.830 475640.468
870338.944 475606.396
Suspect7
936936.024 687525.559
936872.895 687545.212
936924.482 687558.571
936851.045 687585.494
Suspect8
716215.707 295502.687
716149.410 295462.808
716203.307 295544.141
716116.466 295523.317
Suspect9
86553.374 170905.756
86496.973 170981.148
86483.991 171033.338
86411.948 171036.964
Suspect10
664734.873 527873.687
664803.814 527804.235
664864.734 527765.801
664833.345 527724.166
Suspect11
570023.329 762047.299
570089.011 762070.315
570041.260 762045.159
569950.441 762073.328
Suspect12
142601.463 959890.589
142685.419 959887.168
142757.709 959890.813
142851.738 959863.812
Suspect13
716275.161 295522.626
716250.508 295457.465
716243.081 295537.446
716183.877 295498.791
Suspect14
428668.432 904939.953
428620.317 904955.740
428550.862 904976.814
428604.862 904911.247
Suspect15
568730.249 611700.726
568811.402 611696.530
568804.094 611629.645
568804.650 611546.952
Suspect16
314393.495 582703.979
314353.810 582613.721
314401.712 582665.630
314335.453 582601.696
Suspect17
784845.848 457776.836
784766.081 457792.018
784781.569 457722.570
784712.826 457696.078
Suspect18
811418.047 452636.418
811493.179 452664.325
811558.074 452602.535
811621.083 452594.133
Suspect19
482692.236 94342.838
482628.955 94288.027
482678.440 94220.325
482618.488 94279.568
Suspect20
718976.662 436452.308
718951.802 436359.431
718905.610 436324.432
718989.483 436336.490
Suspect21
448225.523 844253.635
448197.703 844303.069
448247.655 844373.884
448231.764 844321.730
Suspect22
716223.670 295652.587
716185.140 295596.140
716224.427 295644.731
716172.085 295726.894
Suspect23
514247.957 143166.010
514194.408 143177.751
514177.365 143098.589
514243.951 143157.592
Suspect24
716277.557 295516.810
716264.897 295565.930
716334.012 295615.517
716333.123 295564.584
Suspect25
181182.952 443538.266
181109.895 443587.273
181184.573 443615.978
181147.863 443526.245
Suspect26
370784.150 184858.048
370860.770 184816.654
370905.675 184856.761
370889.355 184791.876
Suspect27
551309.869 350465.810
551347.673 350421.787
551271.652 350412.694
551212.971 350416.481
Suspect28
491276.711 663703.156
491292.214 663798.029
491339.258 663738.687
491265.872 663683.699
Suspect29
640499.587 238550.390
640427.055 238554.082
640423.723 238462.686
640408.229 238406.722
Suspect30
971042.400 984146.977
971087.218 984176.548
971036.950 984167.762
971075.182 984205.874
Suspect31
716206.764 295726.370
716214.321 295652.866
716182.713 295606.314
716249.925 295641.850
Suspect32
352703.378 849873.654
352652.781 849825.740
352715.587 849813.621
352771.341 849883.545
Suspect33
911284.762 588354.255
911275.626 588284.418
911286.791 588224.040
911327.790 588191.129
Suspect34
352893.208 536515.153
352947.325 536496.639
353003.722 536452.321
352955.409 536519.982
Suspect35
716404.952 295626.096
716312.389 295638.409
716266.932 295603.812
716264.094 295694.610
Suspect36
999313.500 359282.439
999391.016 359255.384
999326.638 359191.843
999308.591 359132.414
Suspect37
716087.132 295587.160
716137.744 295551.477
716181.601 295582.077
716128.108 295564.446
Suspect38
715982.758 98297.773
716046.739 98297.612
716102.833 98297.866
716124.908 98242.675
Suspect39
716208.531 295545.580
716234.070 295551.634
716291.008 295492.128
716345.207 295464.907
Suspect40
15459.710 701055.944
15362.263 701046.817
15394.127 700991.451
15324.587 700943.410
Suspect41
938905.168 960018.555
938815.425 960040.692
938768.480 959985.145
938725.176 959913.947
Suspect42
704263.858 369099.713
704310.715 369174.002
704267.730 369242.218
704263.218 369301.218
Suspect43
295354.757 61969.187
295343.194 62026.703
295393.190 62038.851
295418.390 62088.565
Suspect44
716319.907 295614.695
716254.440 295596.630
716247.099 295601.146
716329.201 295605.789
Suspect45
589156.802 567910.951
589120.308 567868.330
589037.482 567819.300
588996.740 567741.308
Suspect46
969616.940 799523.275
969558.030 799466.384
969603.847 799441.372
969558.160 799379.841
Suspect47
834560.324 41062.671
834532.914 41106.998
834579.042 41066.529
834574.442 41002.214
Suspect48
371010.327 551549.919
370917.262 551550.484
370859.315 551528.754
370930.069 551530.006
Suspect49
716388.871 295657.950
716322.577 295656.083
716265.145 295602.554
716254.986 295520.548
Suspect50
599822.011 856726.541
599807.622 856657.768
599834.883 856583.580
599768.362 856656.265
Suspect51
825520.689 273674.219
825435.091 273626.569
825389.625 273693.614
825339.074 273720.626
Suspect52
186807.808 238684.895
186764.369 238644.778
186828.224 238694.245
186748.395 238689.322
Suspect53
716267.314 295635.418
716274.287 295579.616
716215.960 295546.039
716273.912 295603.922
Suspect54
581969.307 384159.056
582047.058 384154.426
582116.791 384170.508
582206.466 384144.429
Suspect55
777441.637 895192.837
777384.634 895235.679
777342.654 895285.092
777413.986 895287.771
Suspect56
687232.909 910909.939
687157.575 910908.525
687094.078 910954.204
687176.251 910991.094
Suspect57
313852.223 521061.251
313865.458 520974.347
313827.143 521046.096
313750.007 521035.567
Suspect58
352764.973 884469.816
352820.730 884491.300
352848.946 884404.508
352905.314 884416.692
Suspect59
59139.584 458939.297
59080.973 458959.071
59147.748 458964.510
59147.984 459043.476
Suspect60
261512.779 237371.794
261555.932 237283.473
261518.023 237243.072
261487.206 237196.786
Suspect61
455625.624 608202.530
455563.437 608134.989
455572.947 608214.079
455567.323 608144.042
Suspect62
139088.922 494043.788
139011.261 494101.876
139108.786 494096.140
139140.947 494011.751
Suspect63
358986.319 939234.815
359033.410 939176.320
358963.276 939137.660
359054.919 939156.206
Suspect64
141779.310 499386.195
141697.664 499355.858
141648.668 499298.545
141707.198 499315.413
Suspect65
716316.966 295489.279
716245.186 295538.787
716326.868 295542.980
716353.830 295631.669
Suspect66
536373.601 154680.071
536432.759 154626.384
536370.497 154697.439
536321.510 154639.345
Suspect67
130590.695 813577.746
130631.173 813541.976
130657.100 813488.213
130657.848 813420.598
Suspect68
220521.954 889696.877
220477.805 889782.511
220527.969 889822.858
220598.824 889889.878
Suspect69
320343.949 102337.617
320324.219 102386.883
320293.689 102476.045
320330.108 102543.859
Suspect70
796308.522 851483.845
796242.980 851522.417
796193.622 851436.736
796200.865 851362.958
Suspect71
257893.663 345.287
257824.172 316.585
257910.021 348.908
257828.682 374.270
Suspect72
912810.173 52086.715
912761.948 52105.382
912687.384 52127.012
912615.103 52134.751
Suspect73
8178.691 189397.211
8171.380 189457.677
8204.149 189397.829
8198.960 189466.756
Suspect74
675828.680 17489.064
675746.737 17483.140
675668.872 17542.268
675756.658 17547.564
Suspect75
573786.162 369598.633
573724.181 369604.620
573802.485 369597.210
573883.144 369590.057
Suspect76
400058.117 500846.084
399989.082 500883.756
399926.725 500916.438
399863.794 500990.527
Suspect77
716119.497 295560.074
716198.763 295582.791
716188.119 295594.119
716225.898 295643.385
Suspect78
160124.229 594778.063
160138.459 594704.137
160097.032 594672.685
160038.578 594692.259
Suspect79
716137.262 295485.442
716187.069 295562.593
716177.986 295632.446
716212.299 295681.796
Suspect80
541343.208 165522.859
541313.434 165446.124
541391.707 165468.399
541328.181 165499.163
Suspect81
716250.300 295498.620
716266.648 295577.951
716327.269 295541.284
716418.134 295513.486
Suspect82
306199.992 862463.276
306171.680 862537.422
306239.293 862486.632
306324.236 862480.098
Suspect83
543896.494 507235.187
543823.461 507187.430
543840.884 507256.274
543873.660 507200.579
Suspect84
747699.549 669341.868
747639.646 669350.535
747677.505 669421.448
747746.040 669355.246
Suspect85
822217.948 301861.382
822175.921 301929.188
822246.903 301983.827
822173.392 301933.449
Suspect86
30144.413 64413.936
30126.926 64363.578
30166.422 64285.809
30201.581 64358.530
Suspect87
716295.663 295649.056
716283.960 295555.875
716232.348 295537.705
716161.632 295513.866
Suspect88
710386.500 196935.837
710365.509 196998.370
710367.682 196926.248
710456.305 196910.627
Suspect89
716235.493 295550.471
716213.160 295559.205
716191.574 295508.030
716227.073 295456.015
Suspect90
716276.836 295612.286
716248.407 295674.710
716254.274 295602.043
716215.458 295558.747
Suspect91
657196.413 691889.901
657248.677 691839.079
657213.790 691907.396
657162.782 691875.130
Suspect92
843019.649 298012.454
843066.853 297944.379
843121.423 297937.221
843125.912 297870.983
Suspect93
644107.993 169737.804
644166.675 169704.453
644082.758 169688.720
644146.776 169661.363
Suspect94
251754.091 358469.939
251788.214 358511.207
251750.112 358548.531
251781.295 358587.705
Suspect95
788369.824 553331.525
788316.857 553343.723
788278.123 553264.793
788264.227 553318.292
Suspect96
442967.740 879397.506
442987.231 879329.454
443029.460 879262.089
443060.530 879340.175
Suspect97
306220.696 790689.425
306246.161 790778.240
306159.200 790793.290
306132.225 790842.755
Suspect98
716212.936 295708.618
716217.891 295626.080
716131.997 295643.786
716095.410 295734.804
Suspect99
716339.874 295504.258
716284.262 295454.429
716237.177 295538.920
716158.595 295538.978
Suspect100
738156.863 904639.618
738170.619 904723.124
738200.980 904772.381
738177.535 904690.963
Suspect101
977634.323 51459.979
977559.345 51463.054
977559.079 51387.075
977556.638 51438.461
Suspect102
308254.903 232411.159
308222.992 232461.746
308257.886 232505.614
308224.827 232465.497
Suspect103
715938.874 791527.500
715982.347 791562.211
715927.173 791521.636
715874.119 791546.274
Suspect104
22780.349 427345.996
22792.714 427253.059
22748.402 427328.900
22665.120 427297.170
Suspect105
716224.395 295613.764
716255.879 295579.545
716322.330 295601.356
716409.200 295564.133
Suspect106
733014.592 327209.096
732935.309 327187.714
732899.192 327124.819
732865.694 327185.546
Suspect107
716226.059 295712.345
716275.686 295651.582
716203.149 295626.078
716234.888 295665.072
Suspect108
640669.835 115128.431
640744.548 115167.633
640816.757 115119.346
640879.807 115171.352
Suspect109
208042.444 233965.681
208091.340 233934.865
207996.543 233958.012
207912.639 233920.778
Suspect110
544364.169 678864.388
544409.668 678898.737
544481.982 678952.026
544449.069 678999.966
Suspect111
57206.449 517332.568
57250.144 517250.026
57340.296 517280.702
57292.781 517245.750
Suspect112
145918.397 900015.138
145951.528 900078.760
145999.806 900100.482
146018.935 900009.077
Suspect113
364868.332 621408.824
364950.121 621439.007
364894.275 621391.817
364815.300 621399.036
Suspect114
929692.452 12461.189
929749.234 12450.137
929750.089 12547.514
929808.201 12604.741
Suspect115
877337.534 913579.846
877287.636 913516.484
877234.694 913572.774
877155.079 913572.650
Suspect116
146759.203 413150.549
146811.252 413167.264
146851.293 413112.255
146909.300 413034.279
Suspect117
876025.502 25055.147
875998.156 25002.641
875924.484 24969.925
875905.700 25046.741
Suspect118
341599.722 492523.344
341553.484 492549.602
341484.841 492580.695
341527.959 492524.075
Suspect119
740680.655 59206.024
740774.091 59191.421
740719.134 59142.490
740763.345 59087.080
Suspect120
747234.487 846502.365
747310.759 846508.483
747384.591 846469.825
747439.030 846410.413
Suspect121
781953.145 564418.984
781900.562 564376.483
781983.519 564331.953
781933.616 564336.676
Suspect122
816643.125 697717.125
816731.467 697749.880
816720.433 697662.407
816780.088 697639.361
Suspect123
390927.709 226573.672
390872.228 226535.750
390805.720 226490.173
390889.524 226464.014
Suspect124
225708.438 928823.387
225697.301 928729.122
225647.065 928789.458
225645.102 928881.035
Suspect125
261270.259 77074.406
261222.899 77095.197
261262.880 77033.190
261249.778 76943.282
Suspect126
281553.099 487226.809
281504.079 487240.437
281433.190 487249.558
281482.926 487315.797
Suspect127
178891.635 134434.259
178882.077 134364.899
178807.536 134347.100
178791.244 134273.572
Suspect128
800020.143 58213.116
800081.348 58283.638
800023.665 58230.048
800102.501 58198.912
Suspect129
644540.125 800731.666
644602.286 800685.644
644554.729 800641.253
644602.398 800620.444
Suspect130
177181.451 822433.836
177252.163 822490.600
177293.005 822420.188
177359.626 822481.749
Suspect131
396491.777 18829.088
396465.757 18890.274
396488.373 18950.547
396547.163 18963.962
Suspect132
572140.893 813891.022
572166.694 813961.603
572074.049 813989.611
572108.742 813936.684
Suspect133
733515.587 162064.163
733483.238 162107.093
733549.787 162079.196
733625.853 162028.758
Suspect134
716312.078 295573.408
716270.506 295602.606
716295.050 295546.979
716368.283 295489.843
Suspect135
763472.438 35960.133
763531.389 35949.110
763481.520 35899.246
763468.045 35971.325
Suspect136
716361.935 295680.328
716336.639 295631.250
716272.541 295575.670
716369.442 295588.685
Suspect137
229346.431 41285.904
229346.008 41373.666
229381.850 41452.829
229315.887 41498.619
Suspect138
767457.847 838968.568
767439.839 839015.841
767506.528 838988.499
767418.374 838996.253
Suspect139
424083.187 249572.680
424037.231 249498.150
424104.954 249467.806
424122.410 249420.832
Suspect140
716319.360 295608.583
716226.195 295630.521
716309.816 295644.762
716251.065 295691.765
Suspect141
514000.765 971186.013
514081.412 971144.240
514048.358 971191.990
513994.517 971193.916
Suspect142
716233.813 295616.367
716247.400 295598.425
716260.928 295529.800
716285.574 295581.938
Suspect143
716269.701 295471.110
716293.873 295557.264
716234.367 295628.144
716155.557 295655.882
Suspect144
241143.153 843098.080
241185.404 843063.043
241091.642 843035.800
241161.892 843001.862
Suspect145
21677.346 520304.236
21756.262 520342.059
21716.573 520382.770
21777.946 520374.458
Suspect146
860565.348 450205.101
860629.391 450235.581
860602.600 450292.035
860615.945 450362.423
Suspect147
206183.872 863143.179
206213.323 863205.821
206145.002 863234.457
206215.003 863259.018
Suspect148
928564.873 722923.481
928604.315 722967.072
928574.723 723012.933
928626.985 723032.978
Suspect149
834521.328 918041.258
834486.943 918085.894
834561.680 918121.097
834612.184 918137.512
Suspect150
59475.257 832875.588
59451.601 832938.264
59372.246 832983.581
59313.570 832979.842
Suspect151
716178.574 295482.074
716215.109 295543.979
716281.641 295506.693
716280.802 295412.297
Suspect152
169263.482 296948.241
169292.935 296994.041
169331.007 296945.848
169412.872 296951.200
Suspect153
313573.055 893239.345
313508.031 893260.427
313501.445 893337.013
313566.887 893344.288
Suspect154
94165.600 415722.696
94115.810 415765.273
94063.366 415820.305
94150.460 415840.355
Suspect155
716219.078 295616.139
716232.802 295612.652
716194.095 295537.963
716144.257 295462.475
Suspect156
264651.884 526759.945
264691.244 526801.669
264701.044 526737.567
264740.180 526808.581
Suspect157
689113.276 267946.514
689049.213 268013.995
689002.219 267984.402
689070.794 267964.239
Suspect158
343383.137 995589.018
343382.152 995536.356
343382.588 995603.394
343384.268 995527.741
Suspect159
130748.319 835504.743
130796.197 835437.931
130847.504 835373.131
130873.374 835440.107
Suspect160
311319.964 386172.193
311234.516 386151.100
311327.001 386128.648
311405.393 386146.077
Suspect161
12187.110 252783.816
12128.271 252793.205
12042.290 252830.088
11965.968 252882.601
Suspect162
716324.390 295541.494
716235.583 295538.424
716208.248 295496.120
716294.806 295454.123
Suspect163
181396.385 513813.035
181459.359 513749.548
181404.516 513738.172
181342.981 513747.231
Suspect164
797896.765 128673.059
797812.990 128695.758
797749.967 128727.058
797836.007 128746.620
Suspect165
206252.344 997793.203
206239.494 997744.275
206281.599 997709.525
206225.623 997644.570
Suspect166
817419.550 446155.101
817505.087 446176.213
817581.745 446125.698
817556.235 446179.404
Suspect167
117016.192 671526.994
116955.995 671564.748
116913.618 671524.187
116943.161 671461.487
Suspect168
716323.559 295770.728
716282.886 295683.901
716268.822 295601.123
716293.778 295517.763
Suspect169
716276.681 295501.071
716265.888 295571.682
716319.034 295540.474
716278.267 295570.024
Suspect170
716276.433 295487.040
716241.352 295536.267
716210.195 295475.272
716242.846 295401.186
Suspect171
345312.245 295832.525
345293.442 295754.568
345256.688 295797.459
345219.902 295755.688
Suspect172
234014.278 420399.139
233954.391 420423.139
234004.432 420368.920
234022.720 420308.674
Suspect173
870713.954 212897.279
870761.601 212840.901
870668.364 212819.144
870758.101 212793.008
Suspect174
176801.131 208859.459
176729.719 208886.114
176782.749 208964.781
176837.356 208959.198
Suspect175
970701.895 866565.508
970792.279 866562.795
970750.217 866646.179
970697.361 866693.340
Suspect176
808263.861 980907.153
808205.716 980942.106
808272.997 980920.018
808303.878 980875.679
Suspect177
394224.069 501309.054
394271.251 501257.021
394344.810 501309.772
394354.019 501221.359
Suspect178
716214.845 295629.850
716232.566 295618.983
716149.547 295642.071
716123.250 295572.502
Suspect179
185829.267 99653.980
185774.366 99606.618
185823.472 99622.299
185768.118 99615.969
Suspect180
726366.996 941094.212
726298.991 941160.643
726232.205 941120.430
726193.668 941045.996
Suspect181
329336.225 875594.012
329383.064 875667.301
329329.162 875602.045
329236.943 875606.433
Suspect182
286416.604 16769.969
286437.239 16821.390
286400.976 16901.971
286321.865 16890.620
Suspect183
431437.106 513159.048
431450.798 513237.702
431515.949 513251.546
431571.757 513222.223
Suspect184
235107.595 404158.889
235095.917 404107.253
235024.936 404159.620
235095.172 404173.348
Suspect185
214346.151 92773.072
214315.762 92682.645
214390.324 92646.151
214351.168 92560.212
Suspect186
218775.100 191453.838
218700.922 191476.690
218759.644 191525.247
218741.933 191612.064
Suspect187
791010.650 246651.998
791039.439 246703.405
790970.825 246665.502
791041.132 246658.522
Suspect188
716223.383 295651.356
716281.588 295629.148
716261.053 295547.914
716321.282 295557.876
Suspect189
716176.987 295536.879
716171.835 295629.700
716209.105 295544.349
716195.567 295458.124
Suspect190
223096.004 20222.224
223029.171 20288.940
223047.231 20231.915
223047.354 20154.348
Suspect191
943772.683 789071.937
943760.578 789121.343
943766.532 789044.697
943682.746 789036.778
Suspect192
252593.777 110015.079
252538.365 110086.198
252623.206 110080.969
252663.439 110116.922
Suspect193
187054.799 130578.942
186985.926 130510.538
187024.601 130548.114
186979.645 130590.393
Suspect194
256090.089 605148.310
256103.426 605217.514
256138.163 605256.423
256081.546 605211.953
Suspect195
11363.695 32025.928
11383.939 31946.907
11336.955 31971.971
11249.572 31936.302
Suspect196
458400.196 181916.138
458486.688 181942.856
458498.547 181995.224
458582.706 182022.713
Suspect197
716408.473 295603.346
716330.700 295611.299
716257.295 295619.761
716254.666 295691.245
Suspect198
129566.136 987542.484
129552.129 987621.677
129608.610 987544.946
129661.013 987521.210
Suspect199
523965.408 659011.776
523999.366 659094.100
523984.350 659169.319
524046.279 659224.029
Suspect200
23365.577 64994.569
23284.455 64950.514
23196.738 64973.767
23138.836 64935.151
Suspect201
728318.942 8100.342
728236.733 8132.761
728276.112 8189.525
728203.659 8234.117
Suspect202
716255.996 295677.545
716274.307 295589.129
716301.827 295540.023
716276.163 295497.046
Suspect203
684050.503 559140.476
684094.884 559175.199
684185.438 559148.928
684135.672 559112.867
Suspect204
716308.952 295561.789
716278.179 295514.652
716225.040 295538.853
716293.048 295487.583
Suspect205
87464.366 603112.770
87447.329 603046.386
87375.155 602987.129
87350.143 603044.352
Suspect206
716267.464 295686.017
716244.906 295628.119
716341.575 295609.372
716250.351 295641.627
Suspect207
556180.043 672998.553
556112.968 673070.013
556042.024 673026.359
555952.081 672997.426
Suspect208
769098.827 429120.188
769074.312 429165.963
769122.678 429138.875
769175.523 429079.014
Suspect209
512427.154 827342.688
512433.355 827265.936
512515.847 827284.362
512499.422 827361.024
Suspect210
489008.530 832559.039
489094.537 832541.260
489151.879 832503.027
489170.680 832436.791
Suspect211
585796.939 739856.611
585861.178 739813.486
585930.525 739775.404
585872.037 739806.377
Suspect212
691300.266 557408.485
691206.944 557421.906
691294.271 557422.090
691226.001 557379.648
Suspect213
219575.651 569787.535
219573.305 569850.599
219644.010 569795.992
219600.019 569861.473
Suspect214
276458.034 170576.154
276472.959 170525.814
276386.058 170521.281
276474.753 170545.795
Suspect215
464511.996 112032.372
464507.167 111958.315
464488.099 112015.124
464426.438 112010.409
Suspect216
898229.325 777935.786
898287.134 778004.640
898240.718 778055.653
898289.822 778125.069
Suspect217
431066.817 229706.489
431082.111 229758.692
431131.431 229738.032
431075.683 229707.205
Suspect218
237478.901 32227.440
237519.266 32291.116
237505.905 32235.834
237453.981 32276.966
Suspect219
368216.057 51884.600
368154.996 51833.324
368171.179 51883.314
368124.062 51933.389
Suspect220
716086.101 295557.289
716149.874 295484.152
716192.124 295547.207
716159.284 295457.761
Suspect221
750508.928 447495.183
750531.457 447574.898
750556.847 447487.458
750622.319 447542.879
Suspect222
187548.649 929215.540
187526.393 929278.492
187503.103 929328.846
187430.510 929296.132
Suspect223
598155.435 497464.433
598062.371 497434.717
598009.128 497436.510
597946.557 497422.583
Suspect224
370058.083 143879.375
370108.302 143939.671
370142.978 143882.049
370089.262 143951.476
Suspect225
677294.031 992485.793
677275.151 992546.837
677259.722 992603.237
677317.881 992639.381
Suspect226
920855.561 815264.890
920814.616 815332.423
920748.962 815363.818
920773.906 815432.959
Suspect227
61874.302 131263.911
61814.952 131313.400
61857.287 131391.222
61913.970 131310.666
Suspect228
530844.933 918156.672
530909.906 918167.324
530939.699 918090.894
530889.678 918098.080
Suspect229
523512.815 752718.208
523500.477 752647.223
523572.236 752583.589
523501.373 752592.078
Suspect230
716323.205 295568.311
716264.072 295552.733
716310.056 295487.995
716362.482 295539.191
Suspect231
47627.581 371125.497
47580.984 371199.806
47517.524 371221.406
47452.880 371179.159
Suspect232
716318.352 295490.519
716261.064 295487.476
716242.363 295545.455
716306.920 295580.206
Suspect233
708299.469 218243.612
708392.089 218246.009
708413.995 218187.968
708333.509 218141.763
Suspect234
915668.654 46310.153
915672.894 46376.505
915643.365 46320.297
915562.800 46309.660
Suspect235
940674.191 799586.746
940751.892 799645.875
940677.808 799643.005
940640.737 799689.209
Suspect236
59023.850 832116.079
58999.380 832209.024
59043.120 832293.287
59047.311 832210.245
Suspect237
902657.754 351986.283
902651.553 351907.158
902586.023 351898.468
902648.222 351969.221
Suspect238
716294.569 295519.477
716258.931 295555.008
716251.144 295458.189
716211.866 295510.569
Suspect239
768828.469 221468.417
768769.468 221491.504
768700.069 221475.097
768720.788 221388.377
Suspect240
716211.225 295543.850
716208.147 295556.888
716153.460 295570.234
716069.331 295577.840
Suspect241
454814.635 988646.996
454861.229 988682.849
454910.488 988599.546
454817.136 988581.348
Suspect242
122507.779 44510.596
122451.304 44449.808
122468.402 44511.098
122547.498 44532.378
Suspect243
211497.090 801010.688
211551.404 801038.160
211515.468 801074.455
211459.360 801063.493
Suspect244
596202.543 844483.724
596288.122 844468.193
596216.651 844447.966
596293.503 844434.230
Suspect245
618029.857 396346.338
618083.993 396313.591
618001.536 396286.074
617941.930 396361.572
Suspect246
716106.302 295558.153
716188.511 295551.537
716144.245 295512.190
716086.770 295533.702
Suspect247
87927.954 518951.087
87997.833 519008.730
87955.896 518923.632
87967.163 518832.511
Suspect248
292967.974 250953.719
292927.827 250998.010
292987.633 251073.844
292942.534 251109.795
Suspect249
699987.661 109849.543
699914.593 109801.759
699990.952 109790.408
700028.227 109723.120
Suspect250
190388.071 685212.227
190447.175 685176.106
190474.821 685098.651
190510.719 685011.633
Suspect251
327116.948 130573.049
327167.383 130582.416
327139.392 130539.528
327098.706 130606.413
Suspect252
115063.876 825593.430
115016.306 825635.601
114962.396 825659.281
115042.694 825666.719
Suspect253
882086.882 739699.642
882016.502 739713.489
881987.298 739763.217
881933.657 739811.557
Suspect254
699986.154 473190.876
699940.984 473135.245
700016.976 473138.234
699963.317 473117.109
Suspect255
444080.366 393898.931
444023.692 393935.244
444063.681 393854.450
444009.429 393899.837
Suspect256
984775.644 252064.822
984748.636 252154.305
984674.830 252195.583
984719.759 252166.796
Suspect257
49212.784 773091.675
49174.947 773007.859
49189.514 772922.523
49158.001 772987.514
Suspect258
716327.521 295572.114
716261.515 295607.452
716228.004 295655.566
716238.832 295727.897
Suspect259
189299.244 104877.721
189340.261 104813.348
189420.746 104855.891
189474.099 104924.699
Suspect260
252217.977 302781.494
252313.855 302791.796
252281.013 302853.127
252288.547 302802.725
Suspect261
823386.602 588736.873
823348.335 588804.232
823433.132 588804.781
823347.212 588843.186
Suspect262
265961.183 408243.773
265898.969 408311.558
265989.690 408312.254
266044.219 408310.408
Suspect263
868161.209 939212.900
868208.953 939264.063
868158.782 939319.784
868217.018 939302.418
Suspect264
716274.816 295464.179
716239.660 295506.759
716180.529 295578.380
716128.378 295518.708
Suspect265
783825.565 217307.090
783915.759 217323.911
783896.560 217388.215
783821.486 217362.070
Suspect266
912343.400 536479.352
912406.735 536438.865
912421.927 536502.494
912416.405 536582.063
Suspect267
413915.959 131447.440
413993.519 131478.192
414076.745 131523.986
414127.558 131507.581
Suspect268
317991.363 441644.518
317992.870 441588.192
317942.536 441585.836
317891.396 441622.805
Suspect269
716108.036 295435.688
716176.284 295472.313
716211.325 295541.602
716292.240 295513.956
Suspect270
716337.725 295681.569
716251.931 295650.024
716194.458 295617.541
716178.806 295711.798
Suspect271
978753.171 358921.876
978704.097 358932.369
978654.751 358974.473
978701.370 358926.879
Suspect272
346595.925 475616.074
346550.417 475644.483
346546.598 475576.950
346508.890 475650.293
Suspect273
716300.659 295605.278
716262.898 295531.738
716187.036 295572.037
716103.806 295545.164
Suspect274
650028.198 110970.828
649984.433 110925.958
650033.670 110889.651
649968.653 110884.508
Suspect275
23766.390 791345.355
23701.973 791314.514
23741.827 791273.365
23769.191 791213.376
Suspect276
716229.024 295697.891
716254.640 295612.622
716316.214 295603.172
716329.350 295549.089
Suspect277
716252.039 295506.010
716269.539 295580.108
716306.655 295524.175
716361.615 295462.519
Suspect278
190892.730 495456.749
190952.827 495419.546
190887.907 495440.949
190893.788 495360.228
Suspect279
716194.238 295605.943
716199.148 295613.844
716159.796 295657.153
716210.402 295623.770
Suspect280
342955.168 668307.604
342974.077 668221.202
342948.959 668148.625
342907.584 668071.561
Suspect281
716079.827 295513.003
716102.911 295570.958
716183.936 295558.432
716176.723 295647.787
Suspect282
716062.161 295642.452
716103.652 295587.848
716184.581 295593.259
716147.513 295632.276
Suspect283
983253.316 214275.116
983174.298 214233.055
983217.445 214204.199
983192.823 214132.364
Suspect284
172054.074 307072.968
172034.876 307021.767
171992.890 306932.885
172025.128 306840.586
Suspect285
951762.194 17127.343
951801.243 17175.768
951839.307 17247.861
951793.749 17319.314
Suspect286
563237.458 641362.783
563214.303 641441.898
563197.964 641539.290
563251.560 641502.859
Suspect287
268000.062 612910.123
267948.210 612864.364
267998.585 612914.528
268026.805 612845.577
Suspect288
238705.410 43798.177
238764.662 43767.514
238777.993 43831.435
238850.154 43896.356
Suspect289
716319.263 295636.531
716242.269 295622.677
716318.438 295684.195
716374.698 295669.718
Suspect290
570062.046 668673.823
570069.540 668732.666
570013.239 668667.915
570080.429 668604.341
Suspect291
716266.384 295722.526
716220.635 295690.406
716193.326 295615.767
716112.440 295595.999
Suspect292
617727.309 318077.648
617795.892 318041.866
617716.253 318093.941
617779.644 318089.667
Suspect293
306943.127 155759.497
306946.208 155676.855
306854.653 155697.602
306882.279 155609.724
Suspect294
441493.630 896832.736
441532.054 896757.203
441588.691 896758.605
441505.176 896705.841
Suspect295
111619.413 849395.049
111537.050 849355.001
111591.460 849402.490
111512.020 849392.366
Suspect296
716092.833 295516.150
716120.601 295559.697
716191.544 295607.934
716199.321 295680.472
Suspect297
115865.152 435203.152
115806.017 435271.509
115816.079 435344.671
115865.266 435305.196
Suspect298
969229.469 795745.048
969193.095 795822.840
969110.522 795829.231
969065.071 795769.411
Suspect299
322334.340 761417.779
322363.600 761458.836
322316.161 761433.120
322270.305 761381.499
Suspect300
117547.281 297538.968
117582.896 297628.374
117562.037 297702.072
117640.111 297712.856
Suspect301
214282.553 823502.513
214330.873 823469.015
214268.842 823428.554
214217.703 823351.060
Suspect302
817680.956 681184.205
817588.561 681164.672
817556.630 681097.827
817588.325 681029.834
Suspect303
64597.617 298386.899
64559.915 298454.656
64491.693 298407.742
64432.221 298428.500
Suspect304
994347.598 700656.996
994353.025 700738.757
994268.655 700777.223
994230.953 700827.096
Suspect305
592096.932 91474.157
592061.921 91510.646
591992.983 91537.083
592004.393 91627.487
Suspect306
716382.783 295717.180
716312.947 295686.947
716266.118 295608.713
716212.715 295680.301
Suspect307
716227.710 295465.706
716229.704 295538.878
716151.884 295597.483
716098.662 295606.106
Suspect308
559500.424 233324.546
559435.965 233357.794
559488.250 233437.219
559550.224 233383.862
Suspect309
554756.029 986.928
554820.847 1012.783
554807.931 1074.784
554740.825 1004.844
Suspect310
687091.063 858539.877
687061.389 858466.908
687003.649 858538.468
687076.189 858572.664
Suspect311
388707.646 283972.044
388771.779 284033.138
388770.686 284115.024
388787.335 284065.809
Suspect312
881344.207 842883.143
881262.905 842867.084
881334.126 842901.537
881291.683 842973.272
Suspect313
474050.042 732558.392
474049.932 732612.650
474071.312 732672.916
474092.952 732726.498
Suspect314
17250.117 307986.148
17316.097 307956.485
17382.821 307992.735
17351.070 308058.196
Suspect315
863817.855 752710.640
863903.641 752744.835
863847.715 752803.421
863791.564 752836.107
Suspect316
417964.507 750179.196
417925.222 750104.907
417866.203 750129.968
417933.386 750124.980
Suspect317
319234.647 681124.033
319319.447 681159.730
319235.518 681153.402
319296.652 681100.457
Suspect318
1023.832 391579.729
946.328 391519.336
1042.418 391535.610
1073.388 391607.093
Suspect319
660691.945 832078.084
660663.663 832034.933
660748.056 832057.345
660727.354 832132.007
Suspect320
102040.224 14698.424
102095.204 14719.744
102100.013 14790.802
102109.516 14723.575
Suspect321
871784.877 439932.246
871843.230 439980.443
871909.227 440051.000
871886.468 440002.327
Suspect322
161453.631 844314.373
161395.663 844381.466
161374.463 844454.110
161320.421 844445.548
Suspect323
27235.679 262675.619
27197.955 262727.031
27226.864 262772.485
27252.337 262828.012
Suspect324
175738.752 701502.985
175658.885 701494.794
175622.942 701556.527
175529.230 701574.564
Suspect325
346981.595 413699.169
346999.301 413605.402
346948.465 413667.112
346987.370 413612.924
Suspect326
811534.839 847083.699
811622.819 847086.347
811568.112 847103.362
811555.460 847012.903
Suspect327
691399.134 821967.958
691424.312 822027.998
691366.143 821962.325
691403.693 821871.727
Suspect328
716269.206 295513.573
716269.051 295564.881
716283.757 295631.038
716290.896 295537.658
Suspect329
716208.275 295687.137
716145.579 295681.558
716202.024 295620.205
716157.566 295685.856
Suspect330
497043.685 313925.461
496956.366 313955.437
496916.795 313901.106
496972.997 313844.757
Suspect331
602267.991 721852.628
602251.953 721902.260
602221.772 721960.451
602161.408 721894.303
Suspect332
716284.156 295668.141
716228.583 295698.698
716211.532 295625.467
716147.040 295563.770
Suspect333
295066.289 624840.180
295126.663 624915.955
295213.237 624907.269
295269.969 624915.295
Suspect334
469334.715 823535.251
469411.665 823531.894
469369.639 823563.247
469415.317 823599.674
Suspect335
716190.923 295595.446
716247.450 295607.060
716332.124 295581.476
716269.049 295554.428
Suspect336
734957.401 660924.334
734879.080 660918.095
734929.130 660932.318
734910.850 660858.873
Suspect337
721991.257 874953.794
722058.640 874947.728
722119.236 874917.471
722073.832 874992.527
Suspect338
976170.928 139659.231
976207.705 139588.139
976139.230 139562.886
976205.563 139597.892
Suspect339
716190.268 295388.981
716168.850 295475.461
716239.816 295536.296
716247.409 295459.306
Suspect340
59812.921 612630.170
59878.549 612627.896
59827.795 612572.186
59760.276 612605.265
Suspect341
405801.553 6657.876
405779.106 6724.780
405845.569 6761.249
405829.177 6821.401
Suspect342
67486.471 254877.013
67519.148 254931.475
67522.598 254875.251
67584.002 254853.123
Suspect343
454622.362 536989.291
454652.555 537073.531
454635.217 537160.898
454680.904 537186.417
Suspect344
24277.826 51949.161
24230.871 51995.323
24293.886 51962.475
24324.281 51884.783
Suspect345
823769.879 491023.044
823830.079 491002.592
823768.747 491050.998
823732.772 491009.642
Suspect346
786778.329 454251.624
786858.843 454244.565
786912.151 454304.427
786840.327 454297.887
Suspect347
112543.166 501509.707
112475.719 501527.515
112422.043 501494.730
112361.117 501518.098
Suspect348
698630.602 683155.477
698541.442 683145.770
698519.563 683209.183
698578.875 683213.952
Suspect349
243769.068 25682.165
243736.760 25744.855
243642.711 25757.636
243678.088 25720.862
Suspect350
676398.862 762836.150
676438.598 762897.448
676505.805 762915.104
676476.169 762968.243
Suspect351
650169.251 200983.020
650188.416 201051.215
650182.479 200972.544
650113.345 201036.600
Suspect352
716152.255 295591.100
716203.054 295602.810
716265.379 295608.302
716230.433 295563.646
Suspect353
716255.657 295536.135
716313.662 295548.843
716244.948 295539.727
716180.835 295530.142
Suspect354
730885.966 356089.541
730960.054 356130.628
730991.425 356181.429
731008.141 356246.947
Suspect355
34541.106 485425.028
34624.688 485374.903
34633.737 485467.070
34686.136 485413.663
Suspect356
804356.932 163009.244
804369.066 162939.632
804380.054 163003.045
804333.575 163022.006
Suspect357
779379.661 946001.483
779407.167 945957.958
779482.244 945962.196
779535.548 945991.286
Suspect358
601491.064 360244.568
601552.951 360305.027
601645.214 360284.522
601682.312 360246.118
Suspect359
818520.476 496470.519
818519.631 496411.722
818593.276 496468.894
818504.600 496448.223
Suspect360
577695.290 77536.800
577698.347 77589.184
577763.730 77536.303
577772.463 77612.481
Suspect361
31258.033 668143.348
31286.774 668201.232
31291.423 668117.708
31237.795 668102.213
Suspect362
634727.418 499250.065
634724.617 499158.243
634673.925 499115.373
634621.253 499138.047
Suspect363
252674.498 539620.016
252689.920 539524.031
252751.920 539591.928
252670.827 539647.932
Suspect364
309719.825 799564.146
309757.692 799644.721
309803.370 799581.294
309784.406 799631.970
Suspect365
414051.098 120688.386
414061.165 120628.218
414046.791 120678.432
413992.617 120656.445
Suspect366
731060.930 754506.218
730997.899 754534.658
730924.329 754588.526
730916.467 754662.823
Suspect367
455279.967 117056.777
455220.809 117030.077
455233.853 116972.272
455159.279 116946.496
Suspect368
594827.692 121672.315
594871.288 121742.795
594924.260 121749.828
595003.215 121791.739
Suspect369
716299.079 295549.288
716262.830 295604.685
716303.795 295558.221
716353.168 295490.615
Suspect370
225140.708 143193.221
225179.844 143107.796
225222.611 143068.185
225299.237 143011.778
Suspect371
207769.791 581655.840
207847.651 581620.341
207882.944 581691.193
207829.240 581609.355
Suspect372
716280.581 295682.164
716204.327 295623.771
716155.310 295638.541
716079.167 295648.519
Suspect373
607443.444 323652.152
607395.723 323687.458
607439.942 323617.078
607438.456 323560.454
Suspect374
435374.815 292616.719
435463.896 292659.461
435377.554 292703.944
435301.694 292745.840
Suspect375
295005.717 649564.902
294943.454 649608.447
294880.530 649546.349
294783.755 649525.809
Suspect376
439500.563 311207.562
439460.675 311253.491
439371.279 311246.378
439305.319 311238.315
Suspect377
337183.792 589702.474
337141.820 589759.329
337109.711 589819.277
337096.667 589731.196
Suspect378
716087.838 295591.951
716150.139 295559.683
716204.053 295623.557
716240.777 295711.262
Suspect379
206246.939 6120.498
206241.586 6210.702
206296.600 6142.926
206378.707 6097.671
Suspect380
791008.909 571000.476
791052.935 571030.340
791044.721 571104.608
791069.569 571014.845
Suspect381
924929.680 670944.328
924870.174 670871.310
924854.317 670795.037
924885.574 670865.180
Suspect382
201082.381 214862.904
201057.484 214954.355
201104.198 215032.283
201195.886 215021.169
Suspect383
543225.256 575769.345
543280.280 575720.685
543229.865 575712.434
543274.081 575743.918
Suspect384
716204.942 295520.792
716169.165 295476.846
716184.009 295569.953
716126.752 295597.693
Suspect385
722107.225 169162.751
722036.804 169148.716
722112.176 169139.234
722046.924 169067.958
Suspect386
280914.988 548553.739
280896.453 548608.106
280956.350 548666.560
280892.103 548624.354
Suspect387
716292.653 295467.750
716314.318 295538.516
716268.717 295577.897
716222.645 295505.023
Suspect388
797340.304 684667.622
797264.978 684605.483
797209.417 684554.733
797306.916 684564.535
Suspect389
203457.510 327362.123
203525.265 327378.846
203501.483 327330.268
203541.488 327288.501
Suspect390
716347.083 295586.483
716314.929 295506.990
716249.005 295542.371
716248.946 295472.904
Suspect391
260489.187 123186.595
260562.142 123165.294
260521.174 123243.527
260474.793 123287.903
Suspect392
155387.081 790459.562
155475.717 790503.092
155406.206 790463.526
155370.786 790544.243
Suspect393
742080.746 159865.720
742016.707 159913.095
741972.571 159993.656
742046.686 159977.955
Suspect394
210849.658 375132.838
210807.132 375066.700
210870.845 375042.400
210849.518 374965.640
Suspect395
716035.334 295619.535
716105.818 295613.174
716183.400 295566.376
716107.257 295547.297
Suspect396
716123.155 295531.546
716194.561 295547.600
716138.600 295504.824
716065.416 295563.640
Suspect397
716297.814 295686.032
716304.695 295602.162
716259.757 295552.741
716220.505 295499.093
Suspect398
755256.694 746720.507
755323.420 746650.859
755273.442 746713.563
755246.615 746669.955
Suspect399
298738.349 471955.596
298726.175 471906.859
298696.493 471976.945
298734.862 472031.122
Suspect400
219715.122 778919.198
219781.152 778894.224
219758.089 778951.563
219712.777 778975.015
Suspect401
90939.786 83731.929
90891.290 83755.769
90835.468 83818.406
90836.930 83887.904
Suspect402
29417.777 398881.540
29486.372 398852.965
29528.204 398819.381
29622.336 398843.233
Suspect403
716194.996 295599.771
716257.122 295593.052
716311.427 295571.371
716254.774 295600.868
Suspect404
553423.043 594617.217
553364.724 594609.976
553384.277 594550.866
553394.636 594480.847
Suspect405
733781.750 155674.266
733710.389 155642.235
733624.321 155633.721
733534.542 155606.177
Suspect406
451943.786 639908.855
451914.731 639859.328
451834.863 639802.344
451786.361 639772.709
Suspect407
716263.359 508377.063
716227.579 508337.481
716198.038 508384.667
716220.234 508440.462
Suspect408
706132.828 560229.448
706127.826 560325.499
706183.156 560317.863
706236.616 560316.000
Suspect409
449264.331 941059.484
449186.232 941079.853
449124.909 941058.984
449090.632 941015.126
Suspect410
327625.342 232292.925
327658.042 232229.204
327578.047 232229.776
327602.912 232322.069
Suspect411
448778.755 63118.052
448682.968 63110.135
448610.574 63046.509
448645.351 63005.326
Suspect412
873438.633 255292.899
873443.970 255355.970
873495.715 255307.618
873416.578 255256.112
Suspect413
977668.600 9750.559
977725.040 9824.755
977733.161 9749.521
977734.982 9669.782
Suspect414
487019.663 530264.301
487007.190 530336.610
487016.504 530251.093
486959.269 530186.386
Suspect415
853345.735 102164.997
853288.539 102106.787
853261.750 102186.852
853298.032 102127.034
Suspect416
716292.453 295580.906
716250.243 295524.851
716269.139 295596.498
716347.893 295631.930
Suspect417
505522.118 356225.259
505619.340 356207.137
505567.030 356222.561
505512.109 356203.915
Suspect418
716206.658 295684.936
716265.012 295692.848
716252.763 295624.040
716262.992 295690.689
Suspect419
604453.749 216413.851
604433.507 216487.284
604372.423 216492.287
604362.493 216401.338
Suspect420
263872.954 858926.212
263899.625 859003.274
263946.384 858976.631
263917.677 858931.408
Suspect421
885130.556 537404.954
885214.139 537379.817
885167.690 537431.725
885234.106 537423.356
Suspect422
495157.351 850836.935
495067.010 850821.484
494972.537 850814.666
495065.446 850846.645
Suspect423
716192.062 295564.861
716266.143 295582.028
716307.534 295540.821
716375.852 295589.845
Suspect424
880398.918 694798.385
880436.248 694876.640
880526.815 694845.937
880479.097 694866.974
Suspect425
203746.746 728613.939
203818.202 728582.481
203730.395 728563.277
203659.316 728606.715
Suspect426
716363.931 295591.220
716310.894 295516.988
716243.078 295544.636
716264.936 295485.957
Suspect427
11658.080 526730.330
11711.164 526663.494
11657.890 526618.443
11602.611 526599.033
Suspect428
993141.041 611425.138
993091.289 611384.221
993066.018 611326.814
993142.591 611278.239
Suspect429
282845.876 786578.008
282896.272 786552.261
282846.187 786620.327
282918.829 786605.999
Suspect430
716178.859 295670.819
716202.164 295597.073
716194.255 295556.988
716223.045 295638.302
Suspect431
991241.758 808938.974
991300.498 808942.230
991353.653 808966.487
991307.513 808932.700
Suspect432
716152.728 295447.314
716207.180 295468.491
716189.053 295554.940
716210.705 295470.352
Suspect433
915846.375 986501.607
915757.203 986497.075
915672.236 986455.842
915643.276 986403.946
Suspect434
255389.631 293937.574
255341.030 294013.542
255316.377 293923.668
255250.829 293859.898
Suspect435
871068.397 735109.325
871075.180 735045.583
871006.197 735022.526
870951.915 735089.969
Suspect436
156051.226 266431.972
156000.160 266407.685
155930.814 266444.426
155939.360 266356.704
Suspect437
752594.018 536861.669
752589.385 536789.383
752677.126 536821.324
752653.626 536765.346
Suspect438
716169.326 295505.135
716218.902 295540.350
716214.645 295610.021
716179.955 295567.480
Suspect439
433293.539 637381.783
433319.165 637313.572
433274.630 637240.893
433220.824 637260.230
Suspect440
670565.045 997190.825
670601.199 997234.353
670622.625 997161.509
670672.345 997122.942
Suspect441
716159.727 295431.239
716124.348 295494.074
716194.178 295550.519
716120.416 295522.777
Suspect442
721165.383 413079.480
721087.181 413036.540
721089.049 413096.260
721085.255 413014.853
Suspect443
871237.087 476306.151
871155.955 476344.360
871230.184 476326.501
871236.179 476379.605
Suspect444
183320.312 219774.052
183248.895 219783.396
183328.097 219781.603
183296.440 219836.618
Suspect445
282590.212 285924.686
282556.752 285845.010
282570.424 285912.121
282587.117 285860.568
Suspect446
787279.355 785340.300
787248.697 785429.687
787267.945 785336.919
787205.024 785320.569
Suspect447
559125.131 730095.834
559182.983 730078.392
559197.270 729994.885
559265.643 730049.553
Suspect448
716174.267 295481.294
716194.517 295551.967
716112.341 295553.547
716054.686 295518.984
Suspect449
412016.378 854569.240
412082.839 854514.754
412073.702 854601.259
412140.737 854610.803
Suspect450
716208.847 295450.102
716201.119 295546.782
716287.519 295512.303
716207.994 295523.766
Suspect451
856381.818 607867.707
856322.299 607828.981
856291.463 607918.733
856226.317 607923.376
Suspect452
716168.935 295566.684
716107.297 295612.053
716186.575 295564.918
716128.586 295553.846
Suspect453
716181.744 295579.868
716250.210 295554.510
716178.315 295518.437
716111.931 295467.662
Suspect454
97877.335 623304.524
97851.124 623218.459
97927.206 623275.304
97982.145 623346.716
Suspect455
716261.538 295553.868
716268.799 295596.671
716208.101 295668.975
716276.249 295622.349
Suspect456
867984.701 805950.971
867901.638 805911.732
867834.636 805956.671
867847.179 805906.904
Suspect457
567529.658 431185.793
567502.128 431244.080
567444.670 431224.467
567476.781 431279.090
Suspect458
716115.901 295551.714
716163.879 295515.472
716183.482 295599.916
716183.639 295534.589
Suspect459
497885.322 86367.999
497871.698 86427.406
497965.670 86425.580
498059.731 86432.304
Suspect460
136040.416 674995.155
136121.235 674974.773
136057.102 674964.869
136016.579 674928.207
Suspect461
19534.622 607670.834
19550.549 607610.067
19505.572 607689.771
19543.800 607654.075
Suspect462
609872.211 823055.887
609888.883 823150.294
609953.116 823146.729
609944.773 823228.294
Suspect463
441989.581 870413.032
442035.701 870349.676
442103.239 870293.352
442027.566 870277.799
Suspect464
534554.377 315655.486
534466.739 315644.137
534389.806 315621.805
534321.142 315554.045
Suspect465
299956.697 45743.786
299921.138 45665.232
299983.436 45693.947
300065.435 45683.111
Suspect466
177171.608 743737.249
177147.219 743801.358
177111.049 743727.593
177111.916 743790.057
Suspect467
716259.937 295675.678
716215.551 295628.569
716195.026 295683.301
716107.146 295678.331
Suspect468
461298.956 330369.025
461338.818 330399.415
461361.643 330483.152
461435.572 330530.574
Suspect469
620335.054 751823.090
620393.502 751887.973
620326.056 751946.701
620375.480 751935.959
Suspect470
228821.433 956392.028
228844.057 956461.897
228892.159 956514.790
228903.618 956582.552
Suspect471
608980.455 397455.282
609010.674 397548.642
608924.198 397560.567
609004.188 397572.358
Suspect472
346928.394 64350.736
346949.353 64436.414
347012.244 64418.794
347081.201 64357.131
Suspect473
683037.561 584479.727
683000.570 584561.460
682926.131 584496.826
682975.993 584566.641
Suspect474
449676.459 556899.409
449738.514 556923.242
449794.731 556891.320
449877.353 556887.826
Suspect475
935175.672 245617.816
935129.120 245583.834
935188.190 245595.220
935152.765 245670.138
Suspect476
914182.980 169762.831
914129.107 169789.749
914124.805 169706.951
914180.500 169744.082
Suspect477
649075.033 527533.612
649098.396 527441.120
649100.921 527381.631
649064.044 527446.984
Suspect478
267788.522 247186.062
267879.124 247172.294
267950.826 247215.216
267877.689 247158.860
Suspect479
716289.806 295578.241
716349.760 295621.806
716268.144 295604.934
716259.031 295529.602
Suspect480
11247.313 11084.061
11180.448 11014.695
11232.616 11009.892
11163.200 11037.166
Suspect481
857046.711 695200.088
857020.999 695118.552
857032.924 695183.532
857053.045 695262.167
Suspect482
989371.208 252158.496
989316.912 252172.774
989352.139 252088.392
989310.078 252021.355
Suspect483
966367.978 181158.149
966442.834 181208.490
966437.440 181272.448
966432.015 181327.424
Suspect484
269261.980 526364.788
269219.163 526303.519
269260.112 526344.699
269232.811 526404.491
Suspect485
716169.235 295595.988
716161.192 295650.571
716178.553 295576.435
716172.365 295627.094
Suspect486
131595.893 743809.826
131596.308 743862.231
131587.303 743805.514
131604.451 743713.962
Suspect487
298190.288 54367.364
298144.530 54390.334
298058.703 54438.713
298046.157 54356.062
Suspect488
989967.489 241977.292
989953.177 241920.228
989988.111 241962.388
989944.565 241918.091
Suspect489
716215.454 295660.686
716258.020 295615.093
716190.678 295599.168
716141.212 295577.373
Suspect490
716270.558 295484.686
716266.629 295566.628
716302.316 295477.867
716372.036 295466.964
Suspect491
162673.741 680314.033
162765.373 680335.727
162801.873 680392.754
162859.727 680382.157
Suspect492
531308.028 514839.833
531267.357 514763.425
531211.646 514709.434
531246.612 514669.825
Suspect493
245445.091 644871.573
245507.877 644858.628
245537.587 644810.917
245626.479 644826.065
Suspect494
716241.512 295473.781
716188.878 295511.217
716197.307 295568.170
716207.958 295603.697
Suspect495
436108.564 866082.899
436166.026 866072.142
436101.973 866063.711
436069.380 866134.480
Suspect496
723952.030 806824.191
724008.775 806847.836
724067.958 806846.648
724155.471 806867.198
Suspect497
152999.959 882353.998
153095.861 882336.198
153064.129 882297.004
152995.473 882324.252
Suspect498
122479.444 567507.673
122430.052 567455.706
122378.079 567460.623
122396.473 567381.114
Suspect499
812345.286 364900.664
812404.936 364886.031
812425.375 364962.755
812380.928 364897.706
