879585.647 493845.364
100 2
Suspect0
12092.793 27724.704
12112.250 27797.459
Suspect1
561682.534 594134.743
561667.044 594064.817
Suspect2
301965.539 354753.929
302058.075 354776.788
Suspect3
333724.168 988062.871
333772.163 988124.612
Suspect4
867203.103 664179.226
867285.072 664199.443
Suspect5
669094.938 926965.119
669043.067 926976.608
Suspect6
739219.640 679934.299
739302.421 679883.752
Suspect7
397554.593 224717.870
397512.909 224649.715
Suspect8
339823.259 477014.057
339885.345 477021.071
Suspect9
610525.164 632732.538
610464.867 632742.963
Suspect10
225970.309 64143.008
226027.951 64079.822
Suspect11
970823.481 89321.173
970851.113 89369.466
Suspect12
788503.958 334498.287
788496.588 334445.381
Suspect13
21528.460 663883.358
21586.942 663867.015
Suspect14
349914.764 410335.259
349869.747 410381.212
Suspect15
675837.923 837485.509
675895.424 837456.153
Suspect16
946981.643 193497.233
947001.405 193549.595
Suspect17
269964.078 281911.350
270033.485 281915.647
Suspect18
893721.473 438673.023
893762.272 438738.575
Suspect19
230062.651 38520.537
230119.977 38450.050
Suspect20
998396.199 889899.557
998399.296 889802.997
Suspect21
541886.123 956259.434
541807.110 956299.260
Suspect22
55396.638 963188.707
55348.444 963129.258
Suspect23
818296.108 424926.826
818376.651 424891.436
Suspect24
948642.094 119291.128
948699.730 119286.253
Suspect25
834966.073 835304.260
834948.468 835362.573
Suspect26
387705.910 450492.383
387648.551 450528.862
Suspect27
948550.276 812019.245
948536.604 812084.475
Suspect28
951196.547 103969.100
951243.454 103987.062
Suspect29
824290.618 98016.884
824238.233 97959.988
Suspect30
733994.923 981616.395
734059.035 981573.709
Suspect31
381477.810 21273.472
381552.648 21242.284
Suspect32
485768.399 692390.152
485762.870 692460.776
Suspect33
815379.152 744893.537
815306.291 744899.437
Suspect34
687752.517 988090.554
687671.982 988073.441
Suspect35
879630.246 493866.327
879541.300 493848.806
Suspect36
887146.454 102162.084
887090.799 102163.295
Suspect37
636750.182 864214.777
636716.171 864300.424
Suspect38
383342.349 482703.541
383360.496 482765.025
Suspect39
507865.245 508596.579
507864.812 508537.331
Suspect40
47563.371 378046.004
47509.574 378017.035
Suspect41
839974.453 954864.841
839937.934 954920.414
Suspect42
960515.554 223146.768
960461.518 223080.531
Suspect43
243075.886 411160.048
243106.373 411210.085
Suspect44
263012.388 137389.175
262931.433 137433.501
Suspect45
586829.012 487579.640
586846.124 487639.124
Suspect46
177800.872 403369.831
177742.243 403436.877
Suspect47
26449.595 518454.681
26416.717 518392.055
Suspect48
643033.107 981472.722
642944.789 981505.628
Suspect49
409399.949 704577.429
409448.100 704652.269
Suspect50
702372.818 455951.289
702301.105 455890.219
Suspect51
542336.472 840730.338
542397.293 840754.175
Suspect52
520358.153 289685.314
520360.667 289764.633
Suspect53
255783.728 984687.163
255743.158 984749.594
Suspect54
334026.004 214974.688
334081.653 214990.858
Suspect55
880762.529 983427.068
880838.295 983454.748
Suspect56
812934.567 6677.458
812963.186 6616.932
Suspect57
647106.928 300622.969
647084.017 300537.829
Suspect58
179605.145 771694.694
179556.825 771768.632
Suspect59
627463.297 86535.812
627503.391 86448.490
Suspect60
41035.668 245250.478
41005.457 245312.013
Suspect61
183972.075 897266.776
183923.650 897203.380
Suspect62
199322.161 409609.936
199300.075 409655.590
Suspect63
426390.534 904889.199
426408.304 904966.939
Suspect64
745556.829 44824.268
745591.063 44866.524
Suspect65
879620.777 493874.533
879559.598 493883.441
Suspect66
583786.460 58287.802
583744.333 58348.272
Suspect67
306726.167 422092.953
306733.742 422036.650
Suspect68
875327.257 894998.203
875298.982 894912.308
Suspect69
358550.356 400895.926
358606.637 400821.859
Suspect70
879610.267 493871.356
879611.161 493840.441
Suspect71
375299.799 835291.183
375285.638 835202.327
Suspect72
836860.005 122173.503
836943.615 122220.919
Suspect73
143776.518 219544.531
143775.088 219482.970
Suspect74
696417.504 960284.608
696459.547 960244.305
Suspect75
87395.125 921444.932
87456.684 921397.099
Suspect76
350864.596 175431.760
350921.497 175399.993
Suspect77
586454.637 152515.434
586495.590 152478.995
Suspect78
396738.585 807927.978
396784.958 807947.932
Suspect79
811793.595 597653.827
811783.786 597573.794
Suspect80
887293.098 638832.556
887349.838 638828.120
Suspect81
60179.384 540239.492
60244.537 540185.612
Suspect82
844090.637 896721.445
844129.872 896763.821
Suspect83
120563.301 244248.598
120649.730 244228.642
Suspect84
316169.247 249282.957
316186.083 249356.252
Suspect85
194119.895 171716.732
194198.298 171715.608
Suspect86
984799.635 793331.420
984891.020 793319.777
Suspect87
645872.260 376582.463
645924.754 376630.297
Suspect88
301106.563 128901.275
301170.635 128888.086
Suspect89
339337.525 647391.403
339403.525 647360.853
Suspect90
351837.261 943905.378
351788.597 943855.850
Suspect91
498009.617 671534.940
498017.421 671480.959
Suspect92
75315.753 845410.277
75362.635 845445.935
Suspect93
948629.489 662644.095
948539.202 662644.091
Suspect94
95131.469 451902.884
95081.744 451895.056
Suspect95
231075.248 530453.122
231135.869 530515.618
Suspect96
303366.961 7992.050
303295.507 7978.642
Suspect97
408338.000 778893.671
408386.839 778970.105
Suspect98
408178.453 998810.011
408181.699 998888.739
Suspect99
477431.733 893375.215
477517.299 893374.189
