716297.983 159947.397
500 5
Suspect0
738562.821 807227.240
738522.089 807197.640
738475.397 807155.739
738475.711 807057.399
738417.491 807118.329
Suspect1
387754.950 43801.991
387720.283 43854.928
387656.827 43916.676
387702.300 43969.375
387699.774 44028.874
Suspect2
276077.454 449678.320
276004.826 449692.968
275967.861 449752.456
275911.546 449743.549
275930.193 449684.320
Suspect3
416015.099 901365.586
415931.672 901406.546
415868.636 901403.279
415893.131 901486.159
415826.984 901538.582
Suspect4
284822.542 868935.603
284758.836 868877.481
284753.856 868928.998
284829.399 868891.790
284739.454 868866.508
Suspect5
862191.587 665508.104
862262.769 665467.984
862267.908 665538.982
862335.032 665482.068
862343.186 665568.996
Suspect6
452764.823 712868.169
452713.935 712828.815
452640.632 712865.758
452702.781 712813.253
452714.317 712743.807
Suspect7
154026.651 531632.148
154085.613 531674.297
154033.439 531722.588
153969.132 531676.652
153943.578 531721.064
Suspect8
767450.717 292833.565
767387.407 292785.526
767321.301 292810.353
767376.871 292852.623
767363.794 292913.230
Suspect9
114623.062 744384.944
114661.719 744334.703
114733.232 744367.248
114646.530 744374.143
114708.611 744304.205
Suspect10
513849.132 367741.769
513808.095 367677.069
513719.111 367677.261
513670.128 367718.609
513749.295 367696.420
Suspect11
411991.060 32900.179
412051.188 32879.049
412060.515 32810.201
412142.068 32756.258
412175.697 32688.180
Suspect12
980912.549 506495.335
981006.742 506498.731
980976.373 506548.289
981043.592 506527.152
981025.600 506588.427
Suspect13
716223.626 159864.245
716282.552 159825.063
716292.345 159913.001
716266.307 159951.299
716245.307 159885.928
Suspect14
477360.049 722551.296
477454.070 722532.039
477480.534 722582.007
477417.735 722572.176
477446.348 722519.733
Suspect15
677402.770 239691.673
677446.894 239660.705
677445.473 239714.590
677437.873 239655.056
677376.156 239614.029
Suspect16
477478.093 218198.730
477443.456 218290.633
477417.042 218198.257
477373.602 218172.353
477421.268 218207.261
Suspect17
316982.571 214313.957
316932.191 214360.236
316967.115 214412.638
317032.427 214470.520
317011.071 214408.479
Suspect18
87608.596 527405.967
87539.718 527455.501
87444.915 527427.171
87502.685 527392.656
87561.552 527398.959
Suspect19
572735.906 921144.575
572721.613 921200.128
572791.950 921214.267
572743.290 921170.887
572797.228 921215.057
Suspect20
898493.906 929429.922
898432.485 929441.857
898421.804 929526.462
898508.804 929526.052
898554.136 929442.190
Suspect21
150266.023 535976.273
150225.202 536044.732
150279.134 535985.389
150262.031 536066.838
150203.467 536012.941
Suspect22
760106.553 137170.822
760093.461 137234.873
760129.288 137311.309
760136.076 137256.545
760164.353 137205.837
Suspect23
515258.259 467193.702
515294.079 467240.017
515232.516 467276.163
515157.898 467286.079
515113.241 467330.561
Suspect24
429406.270 212384.391
429407.594 212465.922
429380.174 212533.979
429429.724 212464.015
429364.759 212481.092
Suspect25
814277.944 908798.310
814240.278 908841.891
814142.738 908826.786
814202.583 908844.343
814127.789 908799.137
Suspect26
83982.880 160166.498
83900.635 160182.763
83948.287 160159.495
83957.561 160211.524
84041.139 160196.481
Suspect27
769799.663 64438.883
769832.783 64515.488
769868.475 64586.975
769912.026 64539.932
769963.037 64586.625
Suspect28
197803.248 124860.278
197824.705 124923.025
197870.686 124889.687
197897.357 124817.418
197902.919 124872.472
Suspect29
639095.395 398476.153
639031.995 398456.950
638983.201 398415.924
638960.399 398324.530
638900.129 398386.589
Suspect30
782822.677 708051.103
782867.953 708130.338
782863.965 708211.403
782787.391 708265.079
782704.472 708282.721
Suspect31
467420.123 533877.081
467340.061 533874.989
467333.146 533967.860
467361.490 534020.985
467460.152 534022.487
Suspect32
49937.520 424984.175
49889.065 425007.859
49848.385 424973.096
49830.122 425031.135
49858.432 424971.901
Suspect33
35737.552 943379.936
35721.284 943434.538
35640.061 943471.822
35622.183 943544.607
35675.714 943498.913
Suspect34
370000.053 920480.542
370045.128 920414.745
370009.544 920338.850
369928.655 920289.933
369865.588 920255.549
Suspect35
517063.083 448997.096
517032.917 449043.008
517099.894 449096.091
517018.655 449146.491
517106.227 449155.190
Suspect36
677613.607 788025.686
677658.531 787961.185
677591.514 788009.133
677644.957 788079.141
677658.518 788147.592
Suspect37
375279.875 756504.605
375253.647 756432.072
375260.153 756350.304
375233.654 756259.993
375330.796 756244.120
Suspect38
486278.260 731827.310
486333.986 731775.490
486321.171 731677.622
486369.867 731600.333
486315.855 731538.178
Suspect39
224797.565 978957.769
224874.099 978936.457
224935.595 978926.409
224915.364 978972.832
224864.453 978981.596
Suspect40
724141.001 233822.414
724155.264 233767.700
724216.659 233733.839
724152.519 233676.773
724102.417 233697.752
Suspect41
524333.712 941197.175
524322.534 941269.161
524268.254 941291.007
524293.573 941341.480
524315.421 941274.231
Suspect42
77971.570 735274.491
77979.145 735213.006
77886.101 735199.537
77959.302 735179.675
77938.278 735268.127
Suspect43
205946.314 272370.604
206025.678 272336.543
206038.249 272403.881
205979.340 272409.130
205994.575 272457.321
Suspect44
293760.927 812026.082
293828.120 812020.762
293745.924 812012.706
293836.485 812046.407
293864.811 812113.198
Suspect45
790645.057 74170.105
790589.741 74220.663
790534.393 74189.178
790466.039 74178.308
790404.821 74119.159
Suspect46
442127.902 656827.187
442092.492 656775.993
442047.919 656838.455
442015.887 656760.362
442062.836 656742.299
Suspect47
660747.772 659122.435
660798.040 659086.500
660762.803 659127.899
660805.902 659182.064
660868.262 659176.140
Suspect48
953994.344 921481.900
954035.555 921567.494
954021.223 921480.942
953963.051 921501.775
953945.520 921419.787
Suspect49
939792.475 268099.379
939883.020 268069.629
939979.731 268060.353
939901.451 268101.092
939829.241 268089.732
Suspect50
877104.749 202761.060
877192.592 202720.403
877197.775 202655.779
877100.667 202647.122
877151.183 202621.212
Suspect51
663301.884 253337.284
663210.080 253343.667
663168.385 253272.490
663217.347 253230.062
663196.971 253137.690
Suspect52
329146.511 62905.197
329084.293 62829.306
329108.289 62758.850
329151.753 62709.885
329199.169 62681.956
Suspect53
444941.221 328644.930
444994.760 328634.568
444975.026 328712.241
444893.728 328678.231
444937.941 328639.677
Suspect54
232575.448 888753.407
232619.306 888672.595
232588.968 888745.816
232568.192 888691.067
232533.841 888769.134
Suspect55
786400.923 689990.936
786415.099 689915.824
786371.236 689846.805
786373.221 689896.937
786416.384 689869.872
Suspect56
735743.974 340620.492
735670.436 340678.683
735606.452 340604.255
735596.729 340660.245
735652.381 340597.828
Suspect57
226336.535 67020.107
226302.876 67091.377
226374.739 67133.338
226308.739 67069.224
226346.866 67015.092
Suspect58
52416.555 897419.656
52487.065 897431.758
52501.275 897493.263
52483.458 897442.164
52407.418 897479.002
Suspect59
151448.189 720855.582
151531.147 720857.045
151458.340 720859.692
151407.210 720879.610
151378.153 720943.511
Suspect60
6967.701 639480.125
7029.222 639480.219
7029.484 639535.036
7067.391 639460.471
7076.805 639554.751
Suspect61
825696.643 619275.979
825698.797 619219.234
825744.419 619154.507
825692.099 619106.839
825765.322 619060.940
Suspect62
247091.561 43203.945
247075.050 43147.598
247120.565 43194.640
247144.336 43144.261
247084.545 43152.590
Suspect63
853019.116 232366.437
852993.479 232449.889
852919.467 232482.346
852959.724 232412.926
852982.001 232507.674
Suspect64
693185.865 107180.773
693111.911 107134.048
693162.691 107176.665
693107.149 107198.065
693172.658 107259.483
Suspect65
242891.197 757255.256
242950.107 757220.365
242985.517 757176.931
242990.404 757122.096
243050.679 757111.447
Suspect66
319059.715 549549.317
319076.462 549489.370
319010.534 549449.418
318977.321 549497.067
319004.868 549570.949
Suspect67
661720.841 928665.375
661666.156 928594.936
661755.931 928594.863
661782.977 928505.201
661789.253 928420.477
Suspect68
209478.446 370048.167
209528.937 370060.858
209456.852 370030.926
209387.869 369979.458
209330.267 370041.469
Suspect69
538268.749 653709.796
538359.733 653741.130
538321.997 653666.870
538269.059 653705.168
538235.065 653648.423
Suspect70
95403.348 562999.885
95380.289 562945.466
95340.997 562905.438
95285.004 562913.304
95334.635 562866.449
Suspect71
956857.557 447491.914
956857.309 447432.843
956834.602 447495.751
956746.778 447460.921
956682.715 447522.661
Suspect72
228585.399 801961.416
228625.801 802033.965
228639.205 801984.921
228644.582 801904.433
228671.528 801818.640
Suspect73
773722.682 385364.626
773777.824 385339.868
773729.524 385270.602
773726.540 385216.673
773721.310 385130.554
Suspect74
696280.548 142363.289
696283.384 142440.087
696289.087 142382.478
696371.601 142412.044
696416.532 142347.716
Suspect75
982011.037 44754.676
981977.370 44707.385
982028.809 44727.181
981952.227 44714.919
981856.211 44735.915
Suspect76
688998.263 151440.120
688982.788 151491.107
689039.930 151539.904
689016.968 151617.871
688992.491 151663.327
Suspect77
929061.627 622750.447
929113.019 622679.809
929156.235 622757.955
929125.874 622807.917
929040.889 622820.715
Suspect78
85974.779 868288.963
85935.319 868256.751
85889.897 868169.079
85961.804 868208.111
86025.970 868236.401
Suspect79
751997.022 195531.638
752013.655 195607.252
751955.001 195636.553
752042.120 195621.648
752066.875 195681.873
Suspect80
202955.306 911019.352
202899.027 910980.945
202859.485 910945.500
202822.292 910888.100
202780.685 910813.688
Suspect81
716326.556 159969.913
716259.671 159963.326
716244.269 160023.590
716183.914 159977.382
716173.333 159922.202
Suspect82
219593.810 873043.915
219636.915 872977.246
219605.592 873024.882
219530.727 873046.619
219617.463 873000.185
Suspect83
514910.716 872928.133
514977.053 872866.958
515012.797 872905.236
514980.100 872848.952
514904.113 872853.644
Suspect84
985888.303 962719.842
985799.097 962691.839
985813.995 962630.597
985756.226 962592.290
985827.092 962593.231
Suspect85
225669.088 258838.734
225608.005 258883.585
225684.211 258849.784
225611.988 258866.148
225633.347 258774.733
Suspect86
457393.763 747254.868
457418.404 747342.107
457451.017 747428.162
457366.268 747474.686
457359.573 747529.940
Suspect87
301496.675 793632.245
301552.763 793641.027
301521.480 793577.440
301573.920 793521.018
301518.219 793563.750
Suspect88
485371.040 311649.872
485339.475 311706.071
485283.490 311755.109
485224.032 311734.760
485276.196 311809.720
Suspect89
188289.226 775004.158
188224.136 775014.124
188176.818 775068.074
188126.355 775013.037
188048.293 774990.134
Suspect90
946575.953 929411.896
946523.401 929432.745
946613.842 929463.164
946705.344 929482.479
946648.235 929496.069
Suspect91
749574.425 676608.954
749498.045 676648.994
749527.506 676571.355
749607.937 676598.577
749613.549 676688.465
Suspect92
821178.346 375214.673
821117.816 375260.184
821194.649 375277.689
821219.536 375365.710
821290.254 375419.841
Suspect93
857683.975 139210.371
857605.506 139252.478
857652.506 139298.395
857620.066 139347.682
857546.752 139315.499
Suspect94
626373.275 605.786
626431.833 564.085
626379.984 594.458
626330.144 636.812
626276.048 580.351
Suspect95
462832.796 678258.212
462820.695 678333.741
462881.572 678319.256
462949.435 678385.989
462955.661 678324.809
Suspect96
750461.890 905149.653
750539.597 905148.628
750479.754 905161.350
750465.720 905249.101
750435.085 905300.053
Suspect97
157762.594 663907.403
157707.963 663828.759
157673.196 663792.726
157638.022 663753.198
157608.000 663794.887
Suspect98
717779.042 658109.817
717868.990 658139.970
717918.526 658117.323
717870.844 658164.863
717810.431 658178.214
Suspect99
333216.649 960187.168
333176.729 960256.995
333115.188 960319.395
333071.730 960240.178
333092.404 960169.543
Suspect100
549553.376 23672.139
549502.416 23693.048
549466.726 23648.776
549453.935 23592.415
549471.964 23519.209
Suspect101
221329.496 451158.066
221421.441 451161.501
221339.583 451133.819
221409.302 451092.296
221416.135 450994.719
Suspect102
725266.608 860518.480
725179.848 860513.139
725245.262 860568.189
725320.847 860614.535
725362.059 860648.215
Suspect103
122889.885 682873.970
122799.398 682900.006
122749.852 682929.342
122679.409 682887.319
122679.013 682986.047
Suspect104
145872.484 320879.583
145838.598 320833.002
145923.092 320876.420
145862.823 320898.718
145877.543 320850.532
Suspect105
5094.412 457087.836
5052.230 457126.606
5132.357 457095.334
5208.022 457107.125
5138.666 457097.324
Suspect106
353754.869 103502.092
353726.419 103450.054
353719.462 103518.621
353762.628 103602.581
353698.747 103550.922
Suspect107
205455.258 419063.720
205519.845 419037.132
205446.342 419095.318
205402.896 419020.873
205356.375 418979.315
Suspect108
770839.581 429611.422
770785.939 429593.640
770860.015 429538.892
770917.866 429525.096
770935.523 429443.707
Suspect109
873433.360 277626.225
873445.512 277695.287
873375.184 277749.191
873291.665 277760.943
873334.846 277811.507
Suspect110
118987.633 643163.931
119044.714 643096.683
119052.693 643160.729
119132.101 643190.227
119068.419 643225.489
Suspect111
884491.402 117603.405
884437.635 117555.992
884376.829 117611.164
884294.706 117642.010
884295.307 117719.808
Suspect112
525730.389 590561.437
525800.522 590496.165
525849.663 590522.591
525893.538 590464.813
525830.806 590436.369
Suspect113
553824.358 446891.125
553869.098 446866.362
553819.827 446829.055
553764.198 446820.534
553821.627 446756.993
Suspect114
180470.873 836524.728
180493.291 836435.521
180524.506 836363.768
180552.189 836422.493
180544.359 836344.954
Suspect115
513131.650 843148.883
513185.079 843200.223
513126.275 843170.931
513161.806 843246.901
513113.927 843201.902
Suspect116
175261.404 119841.865
175261.476 119788.732
175326.140 119846.102
175321.971 119792.616
175274.347 119734.182
Suspect117
469420.148 806168.724
469467.747 806189.390
469389.186 806173.217
469385.653 806248.720
469359.772 806190.878
Suspect118
270839.078 464948.707
270771.166 464915.016
270741.350 464860.898
270696.221 464824.058
270712.400 464889.137
Suspect119
287822.643 205654.185
287868.572 205703.154
287925.116 205740.804
287891.398 205654.990
287918.074 205587.744
Suspect120
500296.308 934363.691
500386.138 934375.934
500353.605 934439.949
500377.429 934494.014
500450.527 934521.664
Suspect121
400509.898 361793.877
400548.599 361703.045
400561.134 361627.737
400599.014 361670.017
400546.656 361644.737
Suspect122
533997.521 946364.634
534037.012 946415.813
534014.368 946503.420
534030.653 946598.427
534056.659 946514.923
Suspect123
82565.580 675779.329
82623.344 675755.211
82594.333 675835.001
82531.961 675854.244
82461.479 675888.474
Suspect124
651415.666 377312.748
651458.036 377263.544
651399.480 377294.278
651375.877 377358.979
651363.378 377286.941
Suspect125
716660.533 4336.348
716617.149 4302.056
716607.728 4216.681
716689.752 4230.949
716755.643 4255.737
Suspect126
616615.217 725923.975
616677.274 725930.186
616635.322 725995.405
616566.889 725957.558
616568.777 725903.043
Suspect127
26856.619 858329.842
26805.188 858358.054
26802.454 858454.383
26735.132 858478.003
26670.659 858449.488
Suspect128
149193.131 516664.433
149116.930 516721.940
149063.991 516681.625
149022.928 516710.750
149068.617 516667.743
Suspect129
55117.626 509351.013
55202.893 509382.947
55159.842 509314.708
55135.447 509409.507
55047.646 509443.621
Suspect130
483518.322 862277.872
483448.656 862247.932
483475.602 862337.918
483514.833 862409.080
483542.637 862335.893
Suspect131
711206.805 265567.411
711254.330 265606.057
711286.774 265677.065
711332.451 265722.195
711257.991 265756.990
Suspect132
474873.131 864094.253
474863.756 864166.397
474793.247 864121.423
474864.377 864090.903
474790.131 864135.744
Suspect133
298584.548 381550.936
298642.128 381542.714
298688.493 381564.169
298699.449 381620.515
298765.365 381595.672
Suspect134
147261.604 897942.939
147352.859 897917.892
147366.640 897834.571
147364.099 897892.403
147276.428 897914.595
Suspect135
928536.409 195708.217
928605.349 195686.453
928656.582 195632.924
928745.042 195664.271
928796.249 195632.888
Suspect136
586747.105 79805.353
586751.082 79876.471
586727.851 79936.364
586654.837 79967.633
586642.047 80041.708
Suspect137
26788.148 339613.952
26788.990 339672.514
26717.282 339719.683
26775.416 339662.386
26770.749 339595.778
Suspect138
815631.423 517265.953
815575.901 517225.818
815653.925 517219.755
815703.503 517170.189
815782.385 517176.991
Suspect139
716345.191 159969.182
716414.546 159944.738
716342.227 159968.430
716312.107 159905.544
716334.160 159955.512
Suspect140
690708.716 120276.621
690624.058 120325.002
690583.974 120273.845
690572.938 120324.671
690591.586 120390.466
Suspect141
567935.190 522670.024
567952.026 522722.230
567927.139 522671.056
567954.769 522585.561
568016.650 522600.610
Suspect142
254285.555 602267.454
254311.288 602214.115
254340.580 602297.854
254297.420 602257.516
254260.037 602216.328
Suspect143
105955.294 264416.465
105962.615 264366.717
105972.738 264295.316
105981.848 264385.525
106046.288 264459.490
Suspect144
155054.799 883642.539
155093.178 883715.332
155027.815 883693.306
154954.188 883750.663
154909.999 883783.050
Suspect145
284489.127 364993.800
284481.423 364904.593
284407.609 364895.218
284397.569 364821.312
284482.968 364806.820
Suspect146
615328.797 741519.760
615258.739 741513.553
615257.819 741564.194
615203.075 741484.025
615157.568 741433.694
Suspect147
592813.610 739377.286
592743.057 739416.166
592830.977 739413.631
592780.124 739392.521
592716.478 739338.925
Suspect148
756030.629 652589.757
756103.496 652524.933
756070.379 652570.089
756035.942 652513.425
756003.999 652576.253
Suspect149
690566.788 963776.202
690594.501 963690.005
690629.452 963625.647
690638.308 963677.359
690600.385 963717.968
Suspect150
427469.360 138795.333
427420.212 138830.481
427364.780 138876.943
427411.900 138922.230
427474.050 138881.712
Suspect151
386242.940 779532.332
386172.263 779518.956
386117.520 779467.919
386123.836 779415.542
386205.975 779395.807
Suspect152
799999.384 298613.120
800086.913 298604.723
799994.740 298621.428
800052.069 298594.678
800003.854 298611.139
Suspect153
978504.859 848561.438
978551.026 848584.622
978585.688 848544.203
978583.255 848483.300
978510.060 848542.419
Suspect154
14012.992 54799.264
13976.780 54841.530
13919.111 54915.860
13826.930 54951.307
13864.707 55042.121
Suspect155
630941.698 484782.111
630927.430 484836.110
630874.824 484854.042
630930.710 484837.132
630868.849 484823.969
Suspect156
431974.251 935841.442
431921.499 935770.288
431969.057 935787.735
431923.382 935819.385
431862.697 935843.916
Suspect157
777625.403 808117.024
777544.326 808066.155
777584.796 808022.038
777511.862 808070.297
777586.420 808087.481
Suspect158
931965.065 81349.137
931954.303 81259.213
931927.322 81194.787
931845.158 81187.413
931760.507 81178.395
Suspect159
716303.367 159973.364
716374.758 159970.562
716323.642 159941.802
716267.181 159940.914
716330.935 159972.560
Suspect160
176877.060 944370.189
176858.964 944289.708
176789.381 944238.453
176860.767 944226.480
176917.960 944162.899
Suspect161
269729.592 549536.260
269792.723 549489.460
269855.076 549549.398
269812.682 549521.932
269909.812 549533.024
Suspect162
533750.657 468794.816
533749.943 468724.352
533817.106 468671.828
533799.678 468612.650
533745.635 468585.334
Suspect163
546693.091 695456.904
546617.008 695513.700
546655.070 695479.557
546629.720 695527.602
546694.404 695543.292
Suspect164
933764.035 542097.708
933760.629 542030.537
933826.211 542081.972
933864.367 542125.850
933862.471 542191.780
Suspect165
741077.712 81061.635
741022.309 81115.826
740962.923 81177.650
740902.118 81187.582
740846.809 81217.203
Suspect166
853435.654 164099.190
853425.628 164047.777
853522.786 164036.055
853621.154 164030.884
853685.650 163993.564
Suspect167
538604.658 25286.490
538646.681 25241.085
538587.829 25179.549
538550.687 25223.314
538493.083 25286.691
Suspect168
511002.980 685980.892
510959.550 686057.933
510962.324 686129.735
511037.391 686113.327
510981.286 686067.819
Suspect169
951492.446 418942.130
951538.429 418971.649
951483.671 419009.931
951562.967 419022.229
951583.838 418934.334
Suspect170
881549.881 720631.321
881570.512 720684.980
881525.865 720641.479
881573.737 720577.735
881484.855 720609.083
Suspect171
705442.560 996264.602
705486.544 996332.278
705482.914 996259.114
705536.790 996306.446
705555.512 996222.917
Suspect172
488506.675 929632.024
488431.224 929636.989
488356.061 929663.381
488431.840 929619.025
488387.594 929656.290
Suspect173
135079.678 732296.730
134989.035 732278.020
135021.929 732201.321
135041.324 732288.751
134987.564 732285.696
Suspect174
787029.404 512230.964
787089.521 512196.895
787153.044 512225.619
787113.604 512183.718
787183.310 512148.483
Suspect175
146435.682 505101.164
146495.430 505156.388
146453.636 505083.173
146366.768 505090.346
146463.225 505100.171
Suspect176
237117.475 690922.593
237069.842 690880.485
237022.545 690920.551
237020.253 690869.741
236953.081 690817.508
Suspect177
547592.865 996281.840
547520.277 996233.776
547604.206 996202.462
547585.115 996153.220
547571.567 996208.971
Suspect178
449305.899 951850.142
449255.513 951893.107
449172.720 951884.953
449216.228 951855.921
449257.990 951785.166
Suspect179
65726.344 439220.193
65782.574 439285.258
65741.997 439214.044
65736.440 439153.627
65675.582 439169.924
Suspect180
847783.605 69642.468
847735.143 69659.670
847730.597 69607.552
847728.717 69551.746
847798.857 69540.582
Suspect181
802108.659 629978.443
802076.096 630037.358
802151.315 630036.658
802215.971 630064.499
802263.105 630108.935
Suspect182
206132.766 10846.334
206158.712 10779.721
206153.411 10715.972
206102.993 10723.743
206157.398 10722.312
Suspect183
789637.325 756023.033
789687.459 756037.822
789633.537 756051.672
789585.403 756037.077
789534.235 756046.308
Suspect184
787718.727 75041.707
787787.722 75068.921
787734.274 75033.118
787819.642 75036.631
787847.708 74985.200
Suspect185
945471.750 284693.672
945521.018 284740.148
945467.242 284759.350
945430.650 284807.903
945406.244 284853.369
Suspect186
81125.820 177134.693
81077.355 177197.805
81104.290 177107.689
81063.416 177020.849
81027.744 176957.980
Suspect187
711643.756 895473.178
711682.856 895410.048
711708.640 895469.228
711665.656 895408.879
711667.699 895463.414
Suspect188
722845.024 999186.279
722824.774 999241.103
722809.001 999316.986
722752.574 999278.911
722705.059 999309.247
Suspect189
716305.192 159913.989
716235.066 159964.160
716320.668 160008.427
716328.386 159957.959
716310.019 159901.491
Suspect190
18306.248 918577.709
18245.181 918636.796
18299.484 918644.822
18255.733 918712.829
18281.631 918780.574
Suspect191
556611.997 761379.854
556572.363 761310.639
556611.825 761350.838
556520.695 761340.263
556469.675 761387.340
Suspect192
743348.170 249708.084
743416.228 249680.164
743366.354 249612.430
743442.995 249587.853
743529.072 249612.789
Suspect193
354442.936 192278.018
354407.917 192352.711
354431.601 192301.927
354479.789 192330.068
354502.500 192272.142
Suspect194
133983.683 768248.036
134038.813 768316.508
134057.078 768238.404
134089.003 768311.629
134159.826 768345.392
Suspect195
103965.572 923612.174
103932.900 923673.948
103940.779 923592.320
104001.282 923560.656
103913.539 923550.119
Suspect196
319689.389 639678.459
319747.961 639714.258
319677.730 639720.221
319770.121 639749.640
319812.140 639670.317
Suspect197
683616.256 318611.365
683551.450 318597.446
683495.041 318621.544
683494.027 318709.683
683578.616 318723.992
Suspect198
743599.680 321200.548
743659.346 321172.647
743681.674 321250.246
743735.057 321264.595
743637.114 321259.194
Suspect199
198905.390 596342.648
198867.324 596275.631
198929.727 596343.470
198884.619 596314.978
198889.672 596381.581
Suspect200
509288.566 690768.967
509297.626 690718.985
509243.998 690717.993
509196.314 690699.788
509141.524 690676.543
Suspect201
112196.629 132891.271
112119.442 132878.569
112057.556 132926.905
111986.635 132994.495
111968.212 133069.019
Suspect202
461447.539 102164.816
461505.246 102164.347
461433.429 102121.105
461370.484 102148.906
461294.547 102195.649
Suspect203
673876.359 310818.676
673831.438 310768.461
673906.784 310814.195
673896.212 310753.800
673843.942 310713.097
Suspect204
760097.652 302838.558
760113.617 302899.004
760062.066 302895.176
760106.438 302962.735
760141.198 303040.110
Suspect205
462610.927 932098.750
462669.936 932046.557
462656.502 931977.761
462734.546 931979.276
462807.071 931922.673
Suspect206
960267.089 511120.248
960240.247 511200.559
960323.715 511206.343
960371.884 511250.781
960430.226 511271.189
Suspect207
184007.839 620594.746
184025.151 620535.195
184061.188 620576.008
184107.781 620512.886
184154.185 620433.380
Suspect208
854705.397 579463.862
854750.763 579404.522
854723.901 579476.510
854776.889 579509.047
854757.149 579555.533
Suspect209
964402.222 577551.292
964433.864 577485.186
964419.693 577574.076
964443.821 577639.501
964490.899 577690.006
Suspect210
217793.601 938829.221
217781.468 938755.366
217735.997 938834.742
217665.598 938843.858
217625.090 938776.594
Suspect211
780974.319 2890.455
780911.851 2815.848
780933.675 2906.278
780916.296 2838.951
780875.205 2889.309
Suspect212
667823.682 591147.215
667765.229 591130.943
667814.486 591200.564
667761.882 591227.853
667774.216 591280.059
Suspect213
509128.980 363542.806
509073.567 363514.189
509016.133 363457.666
508956.396 363501.316
509016.301 363540.318
Suspect214
877611.469 503975.757
877662.920 504008.419
877621.861 504070.864
877668.435 504128.653
877732.011 504103.792
Suspect215
258074.472 56717.650
258143.766 56759.836
258133.718 56823.088
258046.159 56811.806
257967.036 56871.132
Suspect216
467201.030 372725.101
467277.590 372736.654
467259.550 372668.831
467325.184 372683.310
467390.479 372714.984
Suspect217
167739.061 381894.913
167676.459 381861.629
167722.725 381919.272
167649.515 381974.177
167711.747 381926.412
Suspect218
936317.738 406874.913
936246.521 406933.251
936299.731 406926.398
936251.856 406942.945
936198.855 406918.231
Suspect219
913348.538 773258.837
913392.492 773311.193
913311.124 773311.178
913237.245 773283.801
913174.576 773303.472
Suspect220
689207.770 919961.249
689123.761 920001.599
689071.049 919981.240
689025.889 919955.941
689091.353 920007.726
Suspect221
613821.076 49015.434
613803.073 49096.509
613726.827 49093.918
613775.403 49048.746
613830.999 49014.564
Suspect222
493415.747 458193.717
493482.085 458204.632
493510.696 458122.648
493583.841 458131.446
493668.633 458117.384
Suspect223
269155.733 772143.242
269134.302 772190.691
269058.645 772156.357
269018.960 772103.191
268947.956 772170.279
Suspect224
941625.285 685660.028
941594.525 685724.068
941501.748 685724.735
941575.702 685701.688
941645.711 685767.331
Suspect225
909611.344 377098.492
909689.259 377073.079
909626.728 377041.923
909709.537 377074.175
909662.111 377033.453
Suspect226
668522.129 498351.470
668518.548 498442.772
668569.857 498396.570
668518.351 498449.729
668524.396 498546.896
Suspect227
271984.875 359180.564
271961.472 359127.821
272052.736 359120.418
271982.823 359155.509
271959.599 359081.268
Suspect228
151211.764 904737.396
151240.941 904684.052
151279.785 904652.529
151325.948 904712.277
151268.196 904656.508
Suspect229
518861.948 829889.570
518835.630 829810.952
518919.788 829825.226
518878.715 829899.654
518952.324 829883.243
Suspect230
2385.332 174243.671
2334.756 174210.710
2357.653 174129.407
2329.421 174224.018
2264.993 174237.865
Suspect231
575372.860 66777.182
575334.660 66732.959
575337.081 66681.836
575285.144 66652.197
575248.346 66591.959
Suspect232
282405.267 538.212
282437.561 474.339
282350.523 439.079
282390.878 378.571
282461.044 417.666
Suspect233
411651.436 205978.617
411623.949 206060.337
411600.740 205970.505
411534.217 205922.265
411598.972 205905.189
Suspect234
713877.271 884660.509
713822.091 884678.621
713744.875 884664.052
713688.197 884587.695
713667.164 884525.042
Suspect235
716251.881 159964.575
716306.978 159923.752
716374.024 159922.166
716325.408 159850.848
716367.981 159928.630
Suspect236
341290.329 956240.562
341230.899 956295.010
341306.255 956302.772
341348.436 956258.763
341376.253 956351.174
Suspect237
938872.552 311529.637
938883.755 311462.948
938847.298 311506.445
938911.080 311451.337
938968.890 311415.598
Suspect238
644247.207 268765.995
644284.863 268836.606
644277.997 268768.480
644200.805 268799.866
644229.595 268725.063
Suspect239
705800.567 534219.476
705840.168 534149.861
705766.614 534160.046
705826.131 534165.424
705747.397 534200.494
Suspect240
725937.394 624122.373
725923.718 624032.157
725860.664 623973.446
725847.617 624045.038
725784.471 624031.858
Suspect241
493138.029 78528.800
493179.307 78449.650
493208.677 78514.367
493245.383 78552.841
493326.882 78571.012
Suspect242
148080.242 599510.666
148099.445 599574.100
148038.669 599524.288
148052.629 599446.962
147982.257 599495.022
Suspect243
964986.250 363736.466
964924.354 363755.580
965004.882 363777.972
965006.933 363867.840
964967.050 363827.942
Suspect244
182693.767 999556.023
182768.392 999594.935
182818.743 999595.275
182766.744 999674.396
182814.012 999643.876
Suspect245
169694.394 131433.639
169683.393 131513.159
169663.086 131564.338
169722.302 131529.387
169697.765 131594.535
Suspect246
444909.981 498804.867
444875.581 498750.663
444928.713 498761.522
444876.051 498823.007
444846.855 498916.268
Suspect247
396868.530 174161.275
396816.274 174149.721
396779.465 174209.611
396708.907 174251.388
396797.192 174264.323
Suspect248
961516.861 839196.306
961457.313 839155.683
961433.790 839218.013
961451.593 839312.799
961360.153 839318.020
Suspect249
610875.679 15560.816
610946.761 15522.660
610983.358 15596.998
610936.788 15644.390
610993.803 15614.909
Suspect250
346846.946 950156.169
346827.373 950209.505
346800.458 950281.807
346748.229 950288.874
346688.871 950234.039
Suspect251
653833.751 365643.442
653794.422 365691.138
653860.600 365701.878
653924.734 365758.637
653974.742 365813.338
Suspect252
993293.279 394335.109
993261.976 394402.605
993207.474 394413.370
993198.316 394348.485
993178.005 394263.328
Suspect253
617169.478 402020.747
617124.793 402095.893
617036.881 402119.149
617091.162 402189.068
617057.738 402134.684
Suspect254
16745.061 517998.639
16831.895 517960.891
16779.289 518019.522
16756.176 517941.664
16795.229 517994.040
Suspect255
160924.534 895106.730
161005.618 895148.573
161062.629 895191.246
161056.009 895249.221
161019.059 895311.297
Suspect256
573887.049 962028.275
573929.582 961987.238
573991.430 961924.318
574081.228 961892.644
574073.031 961946.508
Suspect257
552579.943 442436.393
552482.004 442438.030
552506.219 442496.744
552429.199 442547.345
552495.623 442601.577
Suspect258
81762.537 549634.262
81730.212 549687.722
81681.762 549659.535
81668.687 549561.839
81597.037 549580.883
Suspect259
412594.970 191263.301
412550.295 191192.039
412473.486 191230.422
412551.237 191214.270
412631.041 191234.036
Suspect260
610299.746 464314.738
610255.127 464255.481
610255.642 464199.529
610210.567 464177.524
610147.183 464135.767
Suspect261
624350.720 293287.372
624301.603 293318.519
624280.536 293244.693
624337.267 293213.765
624407.620 293219.042
Suspect262
122556.697 442299.699
122616.799 442289.641
122694.984 442240.432
122657.492 442175.285
122725.785 442109.437
Suspect263
295849.184 381389.165
295913.600 381372.650
295906.314 381439.459
295906.295 381382.656
295976.483 381358.997
Suspect264
439043.868 975541.532
439023.413 975474.147
439072.446 975413.471
439123.360 975401.098
439064.604 975376.369
Suspect265
675323.275 813144.610
675404.587 813188.516
675330.210 813200.185
675374.311 813242.317
675322.215 813180.156
Suspect266
482296.589 223985.359
482318.481 224042.547
482262.862 223965.208
482312.946 223937.264
482305.952 223846.308
Suspect267
320714.202 564082.695
320647.912 564052.086
320714.805 563996.116
320751.556 564038.819
320792.746 564084.519
Suspect268
993432.105 110972.131
993358.599 110933.787
993306.858 110909.771
993237.292 110914.188
993157.564 110900.697
Suspect269
823494.528 46412.711
823396.649 46424.241
823358.519 46361.389
823374.477 46439.505
823393.607 46501.098
Suspect270
28152.931 486672.209
28211.104 486664.202
28278.538 486663.198
28222.581 486736.060
28232.892 486789.968
Suspect271
716352.211 159999.181
716414.700 159970.903
716340.330 159967.587
716323.362 159959.708
716274.252 159896.705
Suspect272
26769.582 711233.989
26807.616 711285.715
26855.502 711333.730
26886.433 711393.606
26869.781 711478.818
Suspect273
811298.376 334279.938
811263.352 334223.299
811325.047 334294.176
811354.956 334241.203
811308.241 334206.305
Suspect274
844441.620 393504.131
844475.265 393421.662
844527.776 393401.881
844472.130 393460.975
844383.609 393449.221
Suspect275
874180.701 427964.543
874255.372 427957.197
874168.891 427934.885
874234.716 427898.808
874319.462 427860.306
Suspect276
462110.196 22152.763
462044.050 22081.003
462112.535 22071.938
462147.653 21989.180
462244.180 22005.374
Suspect277
507575.038 818151.903
507568.944 818086.740
507514.493 818065.697
507463.154 818116.500
507469.578 818173.557
Suspect278
566451.560 563359.100
566425.454 563294.192
566504.929 563278.275
566575.352 563281.310
566558.447 563346.415
Suspect279
458552.587 14835.677
458616.262 14842.936
458621.302 14748.725
458630.962 14695.597
458574.918 14701.710
Suspect280
778597.187 223847.401
778589.014 223922.109
778609.709 223986.419
778593.712 223937.893
778657.820 223988.507
Suspect281
151315.248 620746.704
151316.321 620830.274
151271.916 620767.479
151304.087 620821.491
151279.452 620725.913
Suspect282
856062.802 671844.861
856142.855 671808.853
856134.678 671883.484
856122.639 671975.629
856177.904 672009.529
Suspect283
406182.701 996394.918
406128.866 996386.215
406093.952 996446.082
406109.646 996383.719
406114.417 996299.859
Suspect284
320308.512 658567.762
320256.782 658602.228
320278.005 658669.236
320221.182 658651.481
320195.070 658715.835
Suspect285
629114.189 243829.129
629044.158 243854.669
629098.277 243861.003
629059.320 243800.734
629135.593 243844.279
Suspect286
412436.502 720297.666
412495.379 720281.114
412558.372 720246.136
412636.254 720223.877
412682.651 720198.612
Suspect287
704191.422 425484.077
704124.384 425452.485
704179.266 425441.150
704216.012 425518.798
704231.171 425607.139
Suspect288
629726.107 905518.003
629794.420 905492.759
629741.522 905568.633
629822.536 905591.484
629872.475 905618.933
Suspect289
243428.821 404183.829
243510.105 404136.878
243496.672 404075.047
243542.359 404031.711
243515.718 403961.919
Suspect290
419714.610 955410.441
419788.641 955476.052
419729.947 955437.530
419788.357 955488.310
419843.816 955414.204
Suspect291
902724.496 792089.069
902712.694 792156.428
902639.068 792170.512
902570.647 792191.765
902511.543 792123.848
Suspect292
110458.881 999926.166
110498.217 999846.255
110426.707 999795.354
110346.296 999843.787
110304.847 999917.651
Suspect293
793509.131 277966.320
793535.669 277905.169
793486.922 277932.315
793500.452 277837.543
793455.011 277769.195
Suspect294
961433.208 343185.508
961394.580 343103.382
961309.605 343092.255
961358.318 343056.378
961269.378 343042.351
Suspect295
787353.517 533342.854
787305.750 533308.979
787290.856 533260.374
787371.268 533241.391
787297.464 533266.126
Suspect296
627085.018 75538.496
627107.356 75584.533
627168.965 75591.793
627178.562 75535.087
627225.254 75481.494
Suspect297
702999.460 120497.002
703071.087 120485.895
703036.399 120544.853
703118.726 120594.623
703126.946 120684.130
Suspect298
54107.892 136523.993
54061.919 136561.688
54070.206 136477.098
53984.590 136501.871
54048.266 136487.515
Suspect299
6395.492 402294.034
6326.359 402246.045
6260.741 402319.358
6213.342 402266.278
6263.408 402248.626
Suspect300
275603.996 681362.383
275528.604 681406.296
275588.216 681391.248
275530.676 681422.334
275599.693 681443.021
Suspect301
65639.046 620965.500
65617.600 621030.538
65565.869 621044.907
65568.937 621136.765
65500.993 621143.549
Suspect302
33969.572 588545.301
33898.253 588600.627
33971.509 588542.431
33958.304 588613.923
33944.119 588535.755
Suspect303
52412.454 727270.763
52471.682 727235.087
52454.665 727308.817
52465.025 727376.081
52380.966 727365.637
Suspect304
144901.851 149458.580
144848.136 149482.853
144808.987 149420.116
144756.345 149487.419
144768.944 149539.403
Suspect305
934593.133 532175.471
934543.803 532156.987
934461.099 532174.495
934398.564 532149.196
934431.227 532109.932
Suspect306
914617.846 161581.465
914645.035 161638.325
914662.035 161551.635
914711.656 161577.445
914704.593 161664.236
Suspect307
373129.693 571209.140
373086.729 571236.375
373127.923 571186.206
373046.970 571179.588
372974.378 571195.520
Suspect308
320298.255 110309.825
320330.469 110351.153
320255.613 110368.455
320245.976 110271.024
320195.371 110284.574
Suspect309
728796.981 139874.795
728843.431 139844.393
728909.410 139914.308
728878.165 139968.233
728827.832 139962.071
Suspect310
560898.695 973393.436
560819.140 973386.553
560891.095 973356.225
560867.413 973403.088
560774.847 973405.064
Suspect311
356736.802 121603.711
356758.379 121697.089
356713.743 121611.555
356651.930 121638.290
356728.747 121697.047
Suspect312
654657.474 565769.313
654589.881 565721.491
654653.205 565717.669
654689.699 565753.637
654646.037 565779.176
Suspect313
271296.952 4379.761
271362.501 4386.537
271275.070 4416.468
271333.281 4369.064
271399.304 4357.777
Suspect314
95601.501 707507.174
95551.642 707527.755
95481.888 707534.801
95404.843 707517.873
95357.266 707594.924
Suspect315
716330.296 159951.021
716258.596 159975.405
716333.250 159970.054
716301.111 160031.020
716271.124 160084.640
Suspect316
836819.461 245223.293
836782.779 245154.039
836696.299 245139.534
836759.347 245097.117
836823.536 245138.264
Suspect317
716273.339 159963.945
716333.770 159963.281
716264.227 159935.262
716204.668 159911.374
716153.070 159965.899
Suspect318
529635.541 391940.033
529663.049 391886.136
529618.077 391861.376
529578.224 391894.916
529567.331 391826.294
Suspect319
673458.172 343519.891
673542.434 343500.407
673547.439 343596.040
673607.370 343600.261
673560.350 343526.025
Suspect320
99432.080 432558.206
99477.886 432595.666
99434.851 432533.365
99367.272 432534.684
99409.727 432503.733
Suspect321
716299.201 159911.290
716292.645 159922.390
716246.006 159881.981
716181.536 159883.763
716222.746 159816.300
Suspect322
311909.977 41017.809
311980.946 41029.025
311962.393 41123.002
312009.435 41182.007
312047.102 41249.695
Suspect323
571457.877 368394.361
571450.556 368301.986
571383.118 368271.598
571320.352 368272.834
571292.183 368230.892
Suspect324
716317.639 159930.398
716250.055 159953.996
716337.029 159952.353
716337.232 160022.020
716294.860 159986.352
Suspect325
888332.480 349182.045
888364.435 349123.405
888413.461 349167.697
888397.949 349216.939
888352.253 349242.001
Suspect326
727819.254 880065.068
727834.264 880131.534
727762.097 880136.795
727762.541 880045.440
727742.341 879998.455
Suspect327
575527.349 802733.760
575592.402 802712.698
575650.079 802701.786
575605.907 802659.347
575643.206 802742.507
Suspect328
327274.979 879072.569
327338.603 879090.030
327269.781 879117.658
327190.149 879091.068
327146.215 879062.648
Suspect329
230516.943 321721.912
230507.325 321661.626
230554.155 321615.159
230521.230 321693.292
230540.071 321752.105
Suspect330
522445.306 485395.921
522392.534 485360.198
522432.167 485406.284
522413.228 485480.355
522375.401 485529.963
Suspect331
394050.797 666516.806
393958.570 666490.485
394007.552 666419.441
393967.245 666353.237
394037.424 666315.097
Suspect332
627285.173 846846.196
627336.015 846868.114
627388.445 846816.057
627433.743 846791.819
627431.470 846719.678
Suspect333
897290.873 273607.330
897297.590 273524.590
897248.568 273510.658
897303.981 273570.337
897338.167 273529.673
Suspect334
707580.232 424784.030
707514.443 424833.259
707520.541 424910.306
707601.571 424862.077
707524.847 424813.185
Suspect335
700974.520 189252.402
700940.637 189299.870
700947.460 189364.991
700880.391 189389.261
700881.538 189459.904
Suspect336
747006.142 716387.489
747096.180 716395.823
747162.949 716396.239
747127.174 716306.062
747059.905 716334.082
Suspect337
22563.571 830036.670
22531.083 829944.645
22596.761 830004.719
22587.827 830082.511
22658.960 830020.103
Suspect338
907934.992 71006.730
907848.503 70995.087
907814.934 70941.002
907802.408 70886.276
907881.603 70871.689
Suspect339
659953.468 419683.230
660000.406 419625.568
659941.078 419624.139
660036.287 419633.053
660021.365 419696.401
Suspect340
716308.814 160133.136
716328.144 160068.303
716306.468 159995.546
716263.866 159974.185
716229.394 159924.549
Suspect341
251253.655 850790.148
251171.500 850791.922
251122.803 850808.111
251170.272 850776.480
251105.058 850737.476
Suspect342
978760.016 672681.005
978815.081 672611.452
978901.833 672617.230
978842.028 672631.469
978810.994 672555.872
Suspect343
716363.096 159859.759
716317.790 159918.752
716323.456 159980.697
716375.749 160012.320
716457.918 159967.299
Suspect344
113427.642 436696.425
113504.209 436642.377
113481.177 436595.724
113570.809 436583.387
113576.461 436485.348
Suspect345
424859.212 891764.921
424807.925 891749.433
424855.850 891669.198
424790.466 891689.484
424700.856 891652.177
Suspect346
645021.145 361910.651
644961.245 361874.229
644954.632 361941.802
645015.437 361941.023
644971.546 361913.832
Suspect347
916505.442 550614.380
916517.241 550527.017
916579.231 550599.577
916518.797 550610.620
916472.745 550532.886
Suspect348
468940.629 681317.808
468991.558 681322.400
469010.131 681257.939
468960.425 681290.192
469012.361 681367.822
Suspect349
850459.250 173083.220
850469.604 173163.036
850469.612 173073.675
850524.107 173013.577
850475.666 173036.523
Suspect350
43274.092 938963.002
43239.485 938902.380
43160.751 938947.083
43216.749 938944.512
43156.803 938933.854
Suspect351
431752.224 617252.470
431831.789 617288.748
431826.063 617233.722
431872.609 617198.211
431895.419 617256.021
Suspect352
269693.566 601086.379
269637.066 601113.151
269671.832 601157.500
269607.440 601165.742
269589.588 601116.778
Suspect353
876799.076 267059.667
876804.613 267140.932
876795.086 267053.350
876707.342 267074.750
876661.262 267045.666
Suspect354
502798.263 254803.672
502832.479 254850.862
502753.681 254809.960
502752.955 254735.767
502684.476 254674.811
Suspect355
50230.014 223878.399
50188.279 223907.199
50229.829 223992.433
50250.971 224086.793
50257.970 224008.523
Suspect356
835648.090 447039.474
835703.210 447038.282
835701.035 447120.830
835719.620 447196.254
835654.614 447243.251
Suspect357
396405.921 671075.123
396376.477 671002.095
396290.153 670993.606
396342.733 670993.577
396301.460 670946.141
Suspect358
200120.979 123488.605
200089.218 123406.001
200004.270 123442.356
200054.444 123488.070
200089.040 123435.129
Suspect359
399495.697 201222.270
399483.277 201281.060
399484.463 201356.104
399518.684 201271.223
399568.084 201233.603
Suspect360
716249.868 160018.694
716273.774 159971.812
716266.812 159946.733
716173.431 159916.042
716132.580 159886.886
Suspect361
985891.621 129792.770
985839.019 129854.505
985851.225 129931.908
985887.200 129857.395
985938.551 129932.344
Suspect362
742141.260 620878.926
742058.607 620905.542
742068.493 620831.921
742080.880 620885.562
742129.655 620804.494
Suspect363
168535.059 913605.747
168580.761 913565.675
168641.204 913521.050
168726.103 913476.733
168667.479 913522.393
Suspect364
100656.377 238757.757
100710.549 238747.002
100734.051 238819.922
100817.124 238809.738
100758.707 238757.901
Suspect365
804109.289 965769.837
804098.049 965682.482
804144.450 965707.573
804090.348 965723.592
804029.031 965753.965
Suspect366
940492.765 916171.841
940585.728 916191.072
940641.475 916252.972
940608.695 916162.558
940553.045 916204.456
Suspect367
758918.573 177640.482
758982.427 177642.601
758892.234 177634.804
758842.898 177709.184
758898.457 177699.782
Suspect368
125956.996 681922.305
125893.551 681846.948
125858.517 681894.018
125875.934 681827.431
125962.489 681821.089
Suspect369
846610.481 494485.524
846554.921 494502.847
846521.381 494551.805
846505.631 494502.506
846481.248 494597.466
Suspect370
665279.188 268070.508
665212.758 268020.341
665249.315 268062.719
665293.969 267983.073
665212.060 268002.825
Suspect371
909215.955 123923.649
909203.285 123844.772
909239.835 123888.655
909243.800 123833.912
909290.538 123908.703
Suspect372
435084.823 297598.449
435139.863 297554.306
435074.772 297569.466
435162.544 297588.486
435120.489 297654.829
Suspect373
775304.623 849657.314
775337.389 849574.223
775344.029 849496.246
775264.758 849451.905
775253.582 849355.554
Suspect374
675904.913 133865.252
675935.465 133794.450
675908.714 133843.979
675961.700 133831.210
675944.826 133881.920
Suspect375
932328.130 750279.073
932284.181 750343.199
932308.339 750405.232
932224.736 750452.904
932168.774 750419.140
Suspect376
863004.278 296139.918
863077.615 296193.188
863175.014 296184.947
863100.318 296214.165
863160.975 296284.648
Suspect377
150527.479 430123.535
150497.865 430213.856
150531.892 430306.574
150524.491 430245.392
150530.740 430319.920
Suspect378
710009.202 628972.188
710082.982 628971.893
710044.290 629057.233
709967.381 629072.932
709984.377 629151.697
Suspect379
176735.355 613526.247
176674.704 613450.081
176641.893 613532.414
176594.465 613559.060
176565.309 613489.429
Suspect380
738173.294 241750.580
738226.971 241669.318
738274.935 241647.951
738338.641 241688.172
738365.805 241644.790
Suspect381
385236.937 894222.827
385158.789 894229.313
385117.840 894163.255
385205.122 894121.663
385150.569 894197.387
Suspect382
253548.820 359463.943
253471.701 359444.641
253389.661 359460.651
253344.657 359419.114
253361.782 359330.068
Suspect383
8666.591 373642.271
8724.430 373711.983
8652.427 373691.195
8658.253 373625.393
8696.819 373661.912
Suspect384
226616.405 569284.540
226607.848 569223.960
226680.794 569255.402
226609.352 569248.877
226552.472 569215.244
Suspect385
275686.863 468055.839
275602.920 468034.083
275625.865 467979.138
275686.752 468017.824
275625.278 467976.328
Suspect386
519736.230 854851.749
519709.106 854928.518
519679.172 854969.960
519615.889 854965.212
519572.377 854887.570
Suspect387
626774.323 964351.389
626697.221 964350.044
626746.454 964395.228
626686.396 964359.971
626723.450 964323.420
Suspect388
9654.808 297656.924
9715.329 297581.165
9694.231 297499.549
9745.480 297518.788
9695.519 297494.300
Suspect389
716502.520 160034.167
716448.315 159964.024
716401.410 159989.263
716331.815 159955.945
716270.068 159966.371
Suspect390
331190.736 689241.483
331245.201 689285.984
331181.233 689264.520
331222.862 689310.516
331214.081 689401.178
Suspect391
566747.376 196494.728
566821.426 196466.233
566886.360 196517.464
566806.546 196506.813
566876.930 196528.330
Suspect392
68862.840 502189.703
68954.969 502203.586
68875.840 502232.658
68906.977 502281.654
68855.051 502270.226
Suspect393
504163.970 87971.733
504087.716 87933.088
504015.867 87915.131
504103.844 87960.466
504194.564 87933.339
Suspect394
23369.390 794732.649
23411.928 794671.865
23362.344 794658.767
23454.182 794636.729
23363.806 794658.422
Suspect395
716387.754 160011.248
716342.929 160058.949
716361.061 159964.855
716271.528 159943.980
716272.485 159931.211
Suspect396
119830.009 737973.525
119776.152 737976.233
119859.619 738003.818
119943.589 738044.395
120016.548 737986.342
Suspect397
198630.989 197588.267
198634.085 197658.169
198583.512 197692.179
198522.612 197713.220
198575.873 197787.479
Suspect398
40572.001 308183.204
40511.097 308241.563
40503.439 308177.215
40501.488 308247.997
40518.652 308299.811
Suspect399
879896.548 248410.598
879809.701 248395.427
879800.991 248298.938
879862.873 248248.234
879862.547 248196.881
Suspect400
838182.505 750454.664
838279.499 750439.736
838293.135 750520.661
838277.227 750435.686
838219.948 750389.544
Suspect401
356770.822 141378.538
356766.044 141457.157
356756.660 141526.818
356822.958 141490.878
356871.782 141504.799
Suspect402
716492.335 159869.759
716497.709 159929.674
716405.418 159895.338
716314.419 159919.438
716293.393 159981.909
Suspect403
74554.135 651674.405
74528.957 651605.129
74479.553 651640.091
74420.347 651655.433
74347.001 651690.872
Suspect404
606604.173 405572.766
606664.312 405557.370
606699.742 405504.597
606762.636 405453.749
606824.636 405485.037
Suspect405
747266.040 45029.914
747224.332 45114.289
747162.283 45067.686
747133.641 45152.621
747181.044 45080.285
Suspect406
940872.506 173483.082
940949.186 173434.308
940997.859 173485.465
940978.108 173423.610
941012.538 173382.328
Suspect407
454192.036 855258.385
454137.254 855272.119
454211.785 855237.597
454244.246 855181.631
454195.988 855261.577
Suspect408
999697.819 264347.735
999637.269 264337.279
999567.449 264377.883
999636.758 264325.083
999617.868 264229.149
Suspect409
827586.371 99362.882
827557.480 99279.548
827577.382 99342.908
827526.970 99396.041
827434.440 99416.333
Suspect410
45034.855 844951.433
45031.432 845042.790
45072.643 844992.477
45139.410 844994.983
45084.328 844949.630
Suspect411
600569.962 112091.138
600539.455 112021.628
600495.974 112047.535
600567.520 112045.236
600590.038 112107.694
Suspect412
262417.504 636800.488
262493.726 636806.770
262452.027 636747.307
262415.016 636792.898
262371.831 636760.134
Suspect413
737061.116 876061.982
737145.608 876057.490
737081.822 876129.042
737013.338 876148.306
736944.127 876087.694
Suspect414
471003.992 860028.842
470928.692 859970.681
470863.319 859897.776
470947.745 859919.787
470947.830 859995.553
Suspect415
868350.398 901524.967
868392.407 901598.046
868422.328 901681.771
868495.494 901644.071
868555.102 901604.297
Suspect416
249669.108 537240.559
249711.678 537279.597
249734.878 537329.614
249680.547 537325.862
249734.091 537358.036
Suspect417
935676.538 943643.106
935771.022 943618.638
935858.966 943625.881
935932.771 943566.011
935885.787 943525.650
Suspect418
371919.446 903455.999
371949.130 903391.140
371887.754 903391.988
371944.325 903377.023
371937.925 903470.791
Suspect419
802484.330 265084.196
802438.130 265031.310
802430.290 265099.684
802407.273 265032.354
802334.241 265015.200
Suspect420
982235.457 313290.729
982144.051 313277.467
982081.298 313299.048
982130.959 313313.802
982080.286 313353.410
Suspect421
956249.176 437995.489
956245.192 437908.852
956215.837 437958.746
956162.398 437963.267
956175.510 437911.887
Suspect422
648567.350 190919.295
648520.993 190876.464
648566.866 190899.576
648632.835 190875.380
648676.151 190841.897
Suspect423
151630.015 129970.801
151591.432 130027.601
151521.185 130037.875
151434.461 129994.793
151373.719 130006.165
Suspect424
666101.292 209798.101
666137.740 209869.039
666165.398 209812.624
666101.770 209828.709
666163.409 209850.613
Suspect425
384924.303 653126.612
384879.825 653067.039
384826.962 653096.554
384769.194 653133.845
384683.462 653158.689
Suspect426
313924.691 41957.494
313951.863 42008.831
313967.175 41912.675
313960.883 41821.832
313894.502 41855.463
Suspect427
161884.262 665484.356
161826.702 665497.802
161859.656 665452.191
161889.781 665371.984
161912.040 665312.883
Suspect428
148577.496 2211.729
148623.663 2190.146
148572.391 2238.546
148568.256 2288.699
148538.960 2245.645
Suspect429
901329.512 612986.918
901346.804 613080.747
901259.181 613112.249
901280.147 613161.688
901295.922 613224.457
Suspect430
498283.696 599040.698
498321.847 598968.381
498254.565 598987.164
498260.625 599044.384
498310.505 599038.544
Suspect431
76943.155 774010.179
76972.588 774095.561
77020.731 774162.436
77100.871 774187.120
77070.733 774143.456
Suspect432
662390.044 56207.850
662299.874 56183.833
662204.504 56164.140
662160.727 56197.098
662186.708 56126.882
Suspect433
457332.434 23392.269
457236.130 23393.297
457256.697 23488.892
457252.263 23548.833
457294.051 23468.944
Suspect434
657548.044 999310.192
657610.840 999309.170
657675.497 999273.691
657734.297 999273.748
657762.140 999219.411
Suspect435
474910.948 248893.671
474876.955 248827.496
474843.912 248736.813
474831.694 248820.595
474744.480 248843.033
Suspect436
842688.641 718195.285
842757.505 718201.387
842702.804 718182.542
842786.576 718233.665
842778.843 718307.016
Suspect437
299328.195 230599.863
299389.598 230576.792
299479.960 230613.530
299438.423 230532.611
299453.087 230584.489
Suspect438
227956.309 275193.109
227898.130 275218.160
227831.147 275259.396
227854.281 275322.231
227786.092 275351.786
Suspect439
869826.799 405933.362
869905.220 405951.131
869899.484 406003.348
869871.879 405949.444
869921.063 405904.417
Suspect440
479468.941 582935.133
479557.978 582966.591
479625.670 582920.309
479621.483 582834.190
479557.663 582873.250
Suspect441
758708.758 384383.572
758773.962 384395.087
758764.544 384297.309
758695.831 384326.145
758623.164 384274.913
Suspect442
494902.494 823583.680
494826.727 823608.012
494764.763 823546.615
494796.869 823483.359
494864.505 823434.896
Suspect443
897581.331 113388.489
897662.177 113346.817
897618.043 113277.412
897583.795 113205.917
897620.475 113148.010
Suspect444
716165.742 159894.096
716215.001 159909.148
716230.697 159961.547
716317.685 159990.659
716280.525 159928.109
Suspect445
918493.043 271960.804
918462.675 271907.046
918393.650 271903.719
918457.493 271943.422
918395.233 271999.326
Suspect446
440508.446 777311.363
440566.135 777363.379
440510.873 777352.747
440451.234 777297.488
440395.276 777335.437
Suspect447
107311.869 448331.727
107360.866 448298.543
107306.337 448264.188
107379.917 448202.446
107359.905 448297.182
Suspect448
368783.437 468562.407
368722.403 468588.362
368777.731 468631.161
368690.606 468663.492
368659.554 468606.978
Suspect449
720170.049 258606.456
720137.929 258695.879
720206.936 258723.559
720177.514 258655.433
720128.869 258639.228
Suspect450
669169.668 13454.771
669140.526 13501.591
669136.788 13562.085
669187.377 13538.121
669226.143 13628.748
Suspect451
284681.904 682658.732
284622.927 682611.170
284565.774 682639.978
284608.309 682604.733
284623.686 682699.230
Suspect452
938527.794 441466.476
938480.940 441532.195
938473.285 441601.065
938490.960 441552.910
938478.105 441640.429
Suspect453
962934.962 674287.288
962932.079 674195.535
962933.215 674111.207
962942.780 674059.221
963011.338 674075.032
Suspect454
553988.186 316645.425
553945.353 316593.787
553972.036 316676.142
553934.799 316743.057
553948.381 316818.070
Suspect455
316222.755 910682.910
316277.023 910665.650
316205.616 910729.116
316214.176 910655.332
316202.337 910736.250
Suspect456
358628.879 39786.994
358594.469 39712.565
358552.632 39670.916
358497.633 39741.718
358489.003 39669.436
Suspect457
523144.814 358726.638
523101.030 358644.837
523060.308 358608.023
523078.982 358666.487
523146.690 358677.311
Suspect458
831742.603 424670.083
831705.729 424706.648
831626.103 424746.495
831597.205 424811.468
831628.704 424865.483
Suspect459
413964.490 262524.050
413958.289 262472.038
414015.277 262460.015
414015.997 262532.211
414103.717 262536.574
Suspect460
944591.122 441340.746
944662.244 441306.775
944588.400 441279.884
944543.315 441304.744
944572.654 441223.078
Suspect461
190863.933 640532.403
190913.959 640610.946
190882.683 640557.334
190867.658 640504.122
190807.208 640562.922
Suspect462
716391.027 159908.017
716333.196 159917.008
716291.347 159991.480
716224.496 160039.621
716253.482 159985.026
Suspect463
911158.912 698117.284
911075.671 698159.645
911061.949 698081.594
911094.159 698128.916
911026.845 698089.959
Suspect464
312082.691 299129.217
312101.893 299061.999
312066.190 299026.258
311981.724 299024.140
312035.860 299094.760
Suspect465
351588.424 761429.340
351613.221 761382.918
351626.966 761327.215
351608.477 761251.099
351642.004 761302.423
Suspect466
196670.979 60213.161
196592.726 60215.292
196669.593 60207.085
196741.114 60141.789
196832.353 60150.134
Suspect467
716096.055 160059.661
716128.963 159971.767
716224.736 159964.033
716290.663 159993.722
716263.039 159952.347
Suspect468
847420.137 649845.807
847489.414 649818.714
847393.550 649825.590
847344.172 649790.601
847304.530 649745.515
Suspect469
518453.439 852586.767
518445.805 852512.126
518487.355 852585.134
518487.532 852661.748
518415.443 852645.345
Suspect470
167568.706 641472.373
167606.055 641391.562
167547.495 641460.340
167467.829 641435.557
167560.255 641409.524
Suspect471
627446.669 516922.520
627378.267 516878.244
627384.336 516817.391
627291.397 516845.134
627227.513 516803.424
Suspect472
583321.550 157694.827
583383.134 157691.254
583297.495 157701.407
583344.440 157679.905
583389.619 157743.621
Suspect473
639516.502 534094.134
639519.863 534031.400
639599.194 534046.214
639583.112 533976.473
639651.921 533961.299
Suspect474
789457.392 753270.004
789374.554 753239.748
789304.243 753199.537
789370.939 753135.149
789330.518 753200.474
Suspect475
483560.806 596320.406
483565.023 596268.455
483534.605 596203.354
483570.720 596262.274
483627.893 596244.270
Suspect476
165684.251 118736.536
165735.122 118755.230
165820.562 118755.030
165753.633 118735.794
165669.762 118738.317
Suspect477
811328.951 599066.588
811278.848 599097.329
811207.344 599127.881
811115.494 599093.477
811180.559 599129.240
Suspect478
816019.607 311660.340
816068.293 311719.355
816063.109 311794.366
816011.343 311854.253
816052.388 311816.199
Suspect479
110255.079 484351.173
110249.109 484264.028
110208.492 484321.655
110178.937 484387.512
110112.202 484429.757
Suspect480
434967.142 244744.498
435011.518 244797.399
435060.025 244870.460
435007.262 244849.039
434913.797 244874.158
Suspect481
957708.921 55488.888
957681.749 55578.487
957692.581 55499.477
957642.524 55520.614
957697.913 55516.547
Suspect482
95423.499 927971.843
95401.384 927902.433
95451.147 927909.516
95488.066 927970.957
95523.596 928011.429
Suspect483
449442.546 617976.530
449502.209 617911.166
449557.520 617854.698
449585.672 617923.825
449671.978 617966.001
Suspect484
256865.326 601509.033
256815.804 601459.343
256865.776 601469.697
256832.245 601515.381
256785.156 601447.557
Suspect485
339623.816 92125.101
339594.774 92032.447
339535.477 91971.681
339593.068 91972.517
339658.684 92005.134
Suspect486
266186.699 125688.911
266132.952 125689.494
266134.306 125775.904
266093.036 125824.263
266048.330 125848.835
Suspect487
961008.875 790470.791
961040.868 790530.751
961085.553 790556.764
961121.981 790614.559
961205.577 790631.638
Suspect488
235743.461 471228.607
235684.105 471171.128
235607.376 471178.060
235578.158 471218.887
235568.148 471139.444
Suspect489
36870.728 818869.437
36884.887 818796.579
36865.157 818847.508
36845.563 818782.772
36799.793 818842.488
Suspect490
98753.358 206036.642
98696.520 206110.049
98626.214 206178.126
98619.149 206086.685
98550.453 206083.745
Suspect491
716157.244 159984.124
716240.876 159954.799
716281.994 159989.119
716266.003 159911.699
716178.412 159893.656
Suspect492
755490.474 920087.716
755581.783 920072.222
755624.273 920148.698
755690.315 920198.888
755657.484 920145.360
Suspect493
670298.469 157771.547
670234.245 157782.017
670277.697 157721.488
670316.086 157769.405
670280.362 157717.572
Suspect494
343775.670 699861.477
343691.361 699909.889
343651.403 699948.363
343692.241 699981.528
343616.776 699926.450
Suspect495
620766.231 335591.806
620779.187 335527.427
620720.911 335575.748
620745.386 335527.885
620690.106 335588.274
Suspect496
749498.628 576789.331
749572.541 576850.996
749605.002 576914.489
749605.153 576859.644
749526.279 576861.815
Suspect497
382428.180 805349.838
382403.782 805434.284
382481.220 805382.389
382427.289 805379.050
382366.333 805305.959
Suspect498
845916.402 266748.559
845950.298 266687.361
845919.447 266633.424
845991.125 266635.597
846044.482 266564.860
Suspect499
716188.182 160012.648
716174.207 159957.143
716267.709 159941.863
716252.196 159955.358
716219.238 160047.895
