873893.056 438171.840
99 2
Suspect0
2756.697 590532.443
2729.114 590484.684
Suspect1
111297.751 68433.344
111281.233 68348.352
Suspect2
191979.179 69181.246
191907.647 69189.898
Suspect3
847011.683 154944.131
846929.426 154911.098
Suspect4
433442.867 752801.324
433374.771 752762.167
Suspect5
743984.444 834501.700
743924.413 834469.305
Suspect6
728149.924 242658.239
728070.623 242666.843
Suspect7
107128.709 542979.512
107172.007 542937.953
Suspect8
39124.898 584006.692
39103.456 583932.224
Suspect9
119350.095 628003.221
119378.288 627952.032
Suspect10
260047.224 984016.025
260121.192 984008.717
Suspect11
559785.277 765948.506
559715.226 765965.277
Suspect12
416119.427 438391.944
416158.083 438440.246
Suspect13
499255.828 658957.895
499174.864 659002.055
Suspect14
33664.427 20326.011
33681.841 20265.485
Suspect15
236090.857 314924.057
236042.838 315002.301
Suspect16
947952.194 51224.634
947916.954 51160.355
Suspect17
52854.517 38583.580
52856.706 38661.222
Suspect18
370514.552 807240.280
370418.162 807240.842
Suspect19
410646.822 555809.245
410574.582 555868.411
Suspect20
807714.564 818946.747
807782.204 818947.134
Suspect21
952529.430 455885.041
952437.967 455857.882
Suspect22
411594.395 193571.947
411531.815 193525.599
Suspect23
161260.808 367993.097
161210.630 367962.905
Suspect24
552033.866 730020.975
552127.429 730044.350
Suspect25
708907.611 988337.137
708910.716 988258.547
Suspect26
826009.438 906493.136
826067.730 906507.259
Suspect27
873872.647 438148.560
873922.306 438172.517
Suspect28
98816.517 50691.267
98842.875 50745.377
Suspect29
511506.110 807960.881
511564.278 807976.111
Suspect30
634694.487 589048.653
634702.255 589136.440
Suspect31
934882.528 635733.862
934839.079 635789.619
Suspect32
504878.086 392397.074
504795.025 392385.189
Suspect33
422452.517 366932.086
422417.870 366848.227
Suspect34
736849.657 186723.500
736770.396 186665.846
Suspect35
996484.469 394044.744
996485.970 394102.224
Suspect36
589922.038 602521.552
589864.029 602511.680
Suspect37
641759.784 939119.894
641677.667 939086.997
Suspect38
852729.094 799652.508
852700.223 799562.535
Suspect39
873872.479 438156.196
873930.305 438157.017
Suspect40
800287.500 455334.741
800351.710 455374.854
Suspect41
610432.446 620630.947
610411.934 620569.982
Suspect42
120232.514 587822.194
120197.505 587862.270
Suspect43
986747.442 894123.001
986737.407 894183.331
Suspect44
762570.430 911762.943
762516.917 911786.311
Suspect45
280687.984 430674.968
280762.190 430739.365
Suspect46
829937.305 903259.826
829989.142 903255.709
Suspect47
661129.236 130939.008
661210.908 130987.673
Suspect48
922882.849 851335.427
922835.428 851249.955
Suspect49
31816.061 102755.980
31882.107 102738.583
Suspect50
121647.829 607202.552
121643.666 607104.051
Suspect51
587064.072 916787.264
587065.704 916873.581
Suspect52
697323.968 137936.975
697329.002 137995.659
Suspect53
767360.085 594268.082
767282.191 594293.283
Suspect54
765744.787 458008.311
765752.188 457956.590
Suspect55
873916.559 438133.901
873883.221 438146.894
Suspect56
556070.344 206241.108
556126.840 206211.650
Suspect57
876757.530 942049.265
876829.135 942089.934
Suspect58
447106.825 186570.595
447165.246 186633.365
Suspect59
445273.530 709301.271
445328.043 709344.369
Suspect60
461474.951 525774.764
461392.719 525719.659
Suspect61
873906.431 438198.269
873935.666 438175.113
Suspect62
252021.939 856933.735
252083.566 857003.013
Suspect63
207345.233 194450.000
207288.699 194418.534
Suspect64
736449.903 923215.911
736387.167 923268.622
Suspect65
920346.232 998454.058
920280.129 998521.747
Suspect66
152958.835 336739.509
153030.604 336748.034
Suspect67
403230.159 972567.297
403162.879 972609.673
Suspect68
873900.493 438132.283
873896.378 438133.475
Suspect69
35295.053 59735.433
35336.340 59788.354
Suspect70
69245.173 529803.076
69220.962 529739.714
Suspect71
883615.641 79980.114
883644.758 79917.542
Suspect72
155408.695 493896.669
155464.532 493891.332
Suspect73
258292.669 442809.472
258232.450 442859.940
Suspect74
782028.101 328183.108
782095.851 328229.010
Suspect75
271615.562 151801.198
271597.146 151742.384
Suspect76
873937.922 438182.133
873857.519 438190.987
Suspect77
140279.361 19641.263
140348.101 19617.128
Suspect78
121095.757 767892.349
121084.549 767824.939
Suspect79
867623.804 441759.082
867691.449 441756.456
Suspect80
880613.887 844778.853
880673.784 844748.957
Suspect81
783466.087 253110.227
783545.426 253129.542
Suspect82
395961.715 747939.690
396005.462 748018.666
Suspect83
407788.398 216656.898
407710.301 216695.269
Suspect84
463986.781 843461.252
464043.570 843410.701
Suspect85
764199.314 101702.002
764198.363 101631.921
Suspect86
241122.242 41187.687
241108.168 41253.862
Suspect87
111668.877 70060.781
111613.487 70116.104
Suspect88
537242.790 233129.577
537309.033 233166.543
Suspect89
346762.389 941662.572
346708.680 941676.587
Suspect90
186620.282 202840.164
186693.378 202782.247
Suspect91
93920.620 103955.909
93968.281 103925.320
Suspect92
730812.023 835073.858
730764.532 835128.597
Suspect93
365592.014 76561.454
365654.078 76508.581
Suspect94
873858.934 438153.462
873903.950 438146.222
Suspect95
958436.981 18815.018
958377.609 18795.352
Suspect96
553342.474 716595.352
553351.107 716677.551
Suspect97
169389.128 969146.713
169305.290 969118.533
Suspect98
216101.434 417943.132
216068.470 417880.408
