782241.938 101913.092
50 10
Suspect0
977811.622 492193.080
977779.444 492121.902
977803.845 492030.292
977799.620 492113.496
977846.870 492186.086
977884.497 492221.199
977853.874 492170.291
977839.015 492231.914
977783.955 492252.356
977852.792 492281.792
Suspect1
653864.244 19548.632
653831.264 19635.664
653830.410 19703.163
653885.271 19760.091
653846.139 19720.334
653858.890 19770.415
653920.227 19828.642
653914.143 19879.678
653981.375 19902.072
653942.393 19948.713
Suspect2
825341.422 526541.817
825356.196 526484.730
825328.396 526439.546
825330.892 526496.295
825317.340 526561.993
825376.623 526559.702
825325.260 526576.873
825337.677 526660.305
825364.543 526573.988
825293.015 526569.153
Suspect3
782179.082 101647.294
782107.212 101651.319
782145.285 101693.439
782114.413 101643.342
782170.742 101718.859
782265.030 101696.929
782320.548 101747.630
782301.077 101833.499
782282.358 101924.288
782270.616 101892.830
Suspect4
185430.113 832786.372
185379.857 832702.844
185314.234 832641.767
185261.469 832585.200
185323.915 832547.801
185366.801 832584.213
185430.880 832656.132
185344.816 832645.934
185399.550 832565.103
185428.924 832620.218
Suspect5
234041.096 556772.501
234021.140 556713.575
234003.397 556792.273
233912.370 556775.040
233827.030 556804.762
233855.955 556851.852
233774.006 556880.385
233754.793 556946.667
233819.707 556944.505
233857.912 556896.639
Suspect6
626402.253 498859.912
626424.016 498911.020
626481.181 498878.473
626542.704 498848.072
626600.004 498769.003
626597.980 498862.472
626660.207 498864.055
626721.899 498872.829
626781.609 498895.005
626809.671 498853.147
Suspect7
859694.515 673137.880
859600.524 673148.567
859573.181 673209.263
859647.120 673201.799
859654.170 673270.880
859626.943 673329.368
859588.114 673372.339
859541.146 673352.247
859519.807 673406.098
859581.677 673402.288
Suspect8
342204.976 281471.580
342146.831 281535.533
342067.978 281509.774
342135.247 281517.669
342104.849 281434.517
342034.644 281452.237
341959.977 281470.411
341999.467 281435.803
341991.063 281485.184
341914.756 281446.850
Suspect9
165871.152 943966.930
165875.363 943873.487
165887.292 943958.768
165819.523 944028.199
165761.499 944039.949
165721.910 943956.029
165683.186 943869.620
165651.652 943923.341
165621.340 943848.542
165525.124 943871.521
Suspect10
611871.692 652177.295
611915.232 652135.261
611896.443 652086.880
611810.081 652100.312
611852.590 652070.527
611850.103 652130.502
611899.124 652091.700
611956.818 652050.606
611909.284 652010.162
611876.249 651936.313
Suspect11
824760.663 900032.623
824680.866 899977.031
824652.250 900035.960
824711.444 900066.283
824650.164 900066.588
824733.483 900047.576
824799.178 900033.448
824703.664 900021.624
824759.066 899949.229
824678.045 899970.537
Suspect12
456987.789 602085.351
456895.314 602078.745
456845.746 602009.761
456850.081 602078.981
456887.401 601988.031
456878.020 602046.847
456812.716 601975.241
456804.140 602053.479
456855.948 602098.916
456848.883 602195.974
Suspect13
7265.148 113750.891
7314.662 113743.589
7295.579 113815.790
7327.777 113867.649
7250.902 113858.791
7307.946 113826.616
7257.242 113882.434
7200.819 113873.594
7242.613 113902.859
7271.269 113846.978
Suspect14
484535.479 618279.673
484473.176 618335.329
484406.904 618392.135
484380.106 618341.566
484299.151 618328.920
484373.000 618330.495
484409.169 618402.878
484334.807 618425.825
484369.138 618500.434
484352.793 618560.849
Suspect15
416046.415 924514.289
416106.579 924570.536
416195.723 924531.997
416140.134 924479.849
416187.359 924450.101
416242.641 924397.987
416296.213 924385.968
416346.639 924362.953
416284.022 924341.459
416281.852 924282.532
Suspect16
553903.244 652769.209
553962.708 652742.593
554023.224 652734.385
553974.525 652787.667
553896.751 652819.109
553885.026 652886.480
553846.115 652961.646
553882.724 652902.330
553933.430 652916.001
553930.030 652986.245
Suspect17
620053.950 953749.762
620003.284 953674.718
619954.045 953660.178
619902.386 953633.809
619967.989 953580.152
620016.973 953558.106
619985.735 953505.230
620033.315 953453.590
620004.717 953498.032
619914.423 953470.912
Suspect18
114187.795 514412.831
114127.168 514407.826
114069.951 514385.925
114087.627 514332.746
114034.954 514401.761
113990.324 514481.105
114043.654 514490.311
114081.028 514411.484
114027.119 514335.836
114070.978 514297.253
Suspect19
793171.096 438716.904
793199.852 438789.347
793161.764 438835.058
793132.775 438887.214
793144.396 438973.208
793145.083 438909.514
793153.998 438967.696
793095.500 438985.026
793146.904 438949.152
793071.574 438899.497
Suspect20
101041.171 42801.288
101093.314 42819.880
101157.404 42840.130
101180.947 42771.627
101223.088 42711.036
101163.461 42713.556
101068.685 42712.572
101141.316 42656.662
101084.291 42685.257
101039.836 42749.024
Suspect21
753016.719 824557.513
753070.974 824603.815
753130.188 824650.990
753128.042 824707.122
753115.364 824636.443
753183.926 824630.847
753188.982 824692.689
753186.222 824610.789
753204.589 824523.907
753178.463 824601.753
Suspect22
320375.375 850937.934
320458.427 850988.331
320523.915 851000.498
320430.882 850976.290
320363.493 850979.812
320270.631 850980.942
320222.052 850994.745
320276.433 850912.961
320222.986 850996.081
320241.918 851043.480
Suspect23
865621.275 755436.945
865592.128 755346.708
865677.176 755300.155
865685.743 755376.647
865684.869 755311.020
865627.851 755262.099
865678.360 755240.175
865631.022 755215.418
865598.191 755171.333
865521.264 755190.412
Suspect24
467706.388 640787.669
467753.013 640824.361
467680.920 640808.993
467667.935 640884.840
467694.749 640835.756
467633.418 640787.031
467691.348 640844.211
467700.172 640762.078
467653.136 640798.722
467647.510 640861.499
Suspect25
373948.693 958129.004
373914.280 958070.136
373861.344 958082.966
373877.602 958178.941
373817.160 958123.385
373743.886 958127.494
373750.919 958051.075
373816.027 957986.657
373886.519 957942.681
373971.563 957897.453
Suspect26
103401.783 95523.246
103337.749 95560.709
103428.987 95581.448
103391.138 95624.667
103451.139 95554.549
103532.662 95525.239
103543.892 95615.975
103586.491 95674.518
103503.005 95715.041
103513.821 95628.011
Suspect27
672472.184 203569.701
672456.917 203504.793
672408.252 203555.358
672396.659 203610.654
672444.226 203541.551
672371.725 203535.230
672333.033 203462.257
672283.275 203412.251
672308.318 203334.651
672322.513 203388.622
Suspect28
620316.828 80878.963
620406.048 80897.700
620370.347 80980.209
620449.204 81033.250
620456.648 81116.534
620398.015 81043.568
620375.309 80986.792
620347.795 80896.215
620401.420 80830.376
620448.805 80889.282
Suspect29
88773.904 830340.266
88744.769 830273.176
88757.357 830213.803
88826.978 830217.505
88766.814 830149.432
88810.805 830125.472
88778.976 830217.756
88712.238 830248.412
88634.656 830279.833
88702.340 830251.496
Suspect30
174115.172 494836.453
174092.053 494886.081
174150.783 494876.915
174056.549 494906.455
173976.952 494964.201
173994.476 494895.307
173978.841 494802.551
174031.720 494792.157
174006.135 494853.368
173970.308 494899.818
Suspect31
782316.793 101945.342
782316.233 102003.397
782334.897 101953.542
782299.192 102004.802
782227.151 101942.235
782210.889 101926.492
782190.393 102000.933
782187.310 101943.097
782126.913 101958.741
782183.000 101955.872
Suspect32
192457.172 268556.921
192408.124 268526.915
192346.328 268540.180
192302.451 268475.458
192271.588 268430.478
192287.102 268357.392
192240.862 268312.588
192205.375 268378.746
192243.984 268450.603
192332.598 268430.477
Suspect33
235163.869 480713.032
235109.953 480701.796
235029.037 480734.165
234947.320 480768.057
234863.768 480732.911
234779.532 480758.565
234778.967 480848.427
234770.749 480898.442
234728.081 480959.407
234685.835 480874.264
Suspect34
286702.880 588145.037
286670.882 588096.850
286704.263 588010.023
286712.288 588071.687
286760.730 588030.110
286740.630 587984.160
286765.280 587904.493
286836.822 587938.621
286830.402 587871.923
286892.209 587879.893
Suspect35
262316.378 594474.846
262321.357 594554.734
262383.003 594584.906
262383.821 594533.474
262441.887 594453.730
262373.298 594390.667
262366.778 594463.099
262323.022 594535.334
262336.468 594453.613
262301.044 594501.961
Suspect36
45340.275 516182.251
45367.933 516091.403
45299.562 516141.041
45375.138 516098.698
45293.999 516098.954
45309.557 516184.529
45358.167 516209.504
45332.573 516269.115
45294.605 516320.804
45336.161 516359.664
Suspect37
437321.515 799931.458
437342.748 799980.898
437378.005 800025.924
437351.149 799979.128
437290.148 800047.697
437232.001 800127.354
437202.533 800034.230
437120.144 800032.286
437149.974 799987.855
437080.076 799989.236
Suspect38
30420.875 46206.021
30454.579 46127.492
30481.269 46200.319
30422.811 46156.786
30443.598 46207.336
30475.045 46256.365
30482.066 46323.327
30474.868 46240.690
30401.888 46211.637
30464.980 46180.378
Suspect39
152273.142 196763.709
152227.214 196716.924
152172.579 196673.817
152127.959 196696.464
152218.067 196680.087
152221.716 196741.480
152258.600 196779.898
152279.664 196720.011
152300.793 196767.305
152330.601 196844.955
Suspect40
975403.048 170644.380
975443.442 170564.132
975528.666 170594.309
975508.794 170508.341
975454.470 170542.062
975509.972 170570.152
975544.724 170531.013
975554.347 170444.621
975487.050 170442.697
975569.557 170473.889
Suspect41
585938.814 822853.138
585971.878 822914.910
585918.476 822929.609
585849.276 822972.621
585917.971 822976.193
585919.559 823036.206
585924.767 822974.258
585873.433 822966.953
585886.278 822906.710
585883.070 822967.319
Suspect42
783902.992 331419.954
783908.695 331368.091
783942.891 331288.765
783881.920 331356.834
783928.694 331277.363
783975.253 331217.222
784023.557 331257.443
784048.976 331186.404
784138.904 331177.815
784171.877 331131.184
Suspect43
452681.707 44296.373
452647.396 44259.314
452698.114 44300.254
452767.202 44233.311
452762.119 44285.873
452809.494 44302.482
452808.777 44217.774
452813.132 44269.592
452834.024 44350.425
452818.039 44295.422
Suspect44
534614.430 653990.782
534689.702 653977.999
534597.593 653945.152
534644.019 653883.767
534672.716 653939.742
534721.797 653858.140
534670.322 653924.785
534586.163 653909.653
534527.778 653880.002
534585.481 653882.569
Suspect45
533642.563 763222.882
533578.775 763149.048
533511.500 763150.390
533565.642 763212.170
533639.220 763258.765
533694.610 763178.196
533721.033 763119.546
533796.453 763154.956
533751.494 763207.436
533700.612 763137.597
Suspect46
263537.419 553825.931
263494.377 553768.371
263443.355 553772.295
263442.066 553700.072
263395.587 553748.778
263314.502 553711.081
263356.538 553672.022
263442.948 553701.316
263381.754 553719.917
263380.062 553801.178
Suspect47
352991.790 830519.623
353048.336 830481.591
353113.472 830431.853
353188.353 830450.105
353096.544 830413.156
353034.490 830380.732
353001.771 830432.817
353012.482 830489.802
353051.781 830421.195
353091.300 830390.007
Suspect48
794843.368 302456.369
794896.323 302443.935
794818.438 302468.726
794837.377 302371.676
794884.925 302345.268
794880.699 302292.024
794821.900 302233.934
794873.129 302315.186
794916.273 302356.411
794938.152 302434.493
Suspect49
323703.916 829744.588
323764.799 829692.701
323827.885 829695.676
323742.612 829724.104
323751.829 829812.994
323808.465 829776.199
323719.582 829809.782
323728.070 829884.929
323792.272 829905.936
323736.072 829909.616
