716082.986 566853.947
500 2
Suspect0
825923.603 742713.512
826018.410 742691.674
Suspect1
906371.338 141829.482
906327.462 141780.533
Suspect2
865783.704 744493.431
865690.925 744499.357
Suspect3
564910.913 536814.049
564873.842 536768.564
Suspect4
716077.872 566820.931
716060.312 566841.770
Suspect5
365611.865 107034.116
365561.005 107050.265
Suspect6
840225.263 321379.322
840153.365 321324.185
Suspect7
923852.061 351085.871
923818.745 351034.464
Suspect8
27949.618 862730.073
27931.238 862798.189
Suspect9
65653.886 398525.119
65590.354 398567.504
Suspect10
476447.016 922326.964
476407.089 922391.177
Suspect11
842294.894 351194.252
842204.876 351217.871
Suspect12
401389.081 422114.999
401470.575 422116.410
Suspect13
658347.776 340364.227
658436.560 340388.629
Suspect14
548599.006 542298.094
548516.013 542351.663
Suspect15
564883.826 226728.679
564888.518 226673.809
Suspect16
829947.086 695242.088
829861.297 695260.646
Suspect17
95474.580 857180.683
95453.289 857115.429
Suspect18
966506.370 848137.523
966476.424 848223.822
Suspect19
555605.483 664718.672
555662.641 664709.838
Suspect20
134055.537 100397.522
134117.455 100371.439
Suspect21
899748.459 379273.289
899668.178 379236.508
Suspect22
564023.133 512586.203
564051.616 512660.148
Suspect23
272722.913 67442.245
272665.040 67442.643
Suspect24
229725.546 243243.705
229682.431 243182.551
Suspect25
953107.788 638065.386
953194.876 638022.928
Suspect26
143258.963 78294.172
143221.507 78240.835
Suspect27
816349.876 338267.943
816416.038 338277.291
Suspect28
402663.032 434793.169
402729.329 434799.757
Suspect29
533846.365 621044.689
533856.651 620949.670
Suspect30
961982.050 886591.467
961905.357 886630.847
Suspect31
541662.613 90653.461
541687.691 90699.596
Suspect32
148607.363 194062.605
148675.922 194033.527
Suspect33
348678.862 26031.707
348611.620 26001.801
Suspect34
222791.987 723361.241
222783.253 723439.857
Suspect35
8842.348 245144.805
8918.808 245105.128
Suspect36
763487.035 12750.927
763537.362 12766.475
Suspect37
555834.053 804620.633
555826.739 804690.670
Suspect38
372656.568 84358.582
372641.719 84437.124
Suspect39
890842.564 229219.741
890768.816 229241.193
Suspect40
116985.887 909284.908
116992.080 909234.265
Suspect41
25269.550 634636.209
25245.073 634557.358
Suspect42
271405.891 212318.966
271404.108 212390.903
Suspect43
710074.870 244819.157
710057.798 244880.919
Suspect44
293113.684 549576.305
293062.020 549604.463
Suspect45
332102.008 411450.568
332181.775 411465.665
Suspect46
716103.021 566879.602
716059.320 566827.827
Suspect47
716127.186 566842.100
716059.425 566817.924
Suspect48
56434.719 357537.618
56496.591 357492.094
Suspect49
530453.754 424300.495
530411.745 424214.031
Suspect50
139852.481 647517.790
139871.654 647461.463
Suspect51
371322.452 977270.024
371370.803 977325.431
Suspect52
716117.338 566884.105
716109.435 566872.180
Suspect53
72452.315 428759.736
72528.332 428750.503
Suspect54
986875.118 670882.560
986808.507 670862.459
Suspect55
924771.226 542465.289
924842.259 542413.504
Suspect56
130551.495 479238.750
130479.362 479181.354
Suspect57
241408.841 834086.761
241424.898 834151.655
Suspect58
77164.703 671765.842
77136.996 671673.950
Suspect59
899984.702 733187.450
900042.834 733137.545
Suspect60
929180.176 672692.832
929138.849 672654.157
Suspect61
949035.881 178360.384
949015.323 178440.175
Suspect62
821652.026 424943.976
821668.348 425022.551
Suspect63
585796.911 212989.906
585841.638 213012.734
Suspect64
294738.670 956842.332
294826.496 956856.689
Suspect65
513348.350 598817.245
513392.545 598868.531
Suspect66
384195.019 356372.556
384162.915 356413.682
Suspect67
795023.572 622572.886
795120.387 622554.917
Suspect68
581422.139 115863.517
581495.489 115893.163
Suspect69
8533.544 650820.495
8611.895 650828.503
Suspect70
358600.323 424208.010
358589.154 424287.160
Suspect71
155589.385 86791.180
155666.527 86780.186
Suspect72
967127.115 816745.767
967095.385 816810.222
Suspect73
404873.310 200368.156
404880.459 200304.255
Suspect74
699027.100 644693.235
699019.585 644595.603
Suspect75
337028.484 838516.348
336956.846 838476.514
Suspect76
751195.293 96511.267
751102.825 96518.569
Suspect77
919908.765 278332.645
919871.576 278252.185
Suspect78
251281.796 992860.121
251296.706 992789.745
Suspect79
970649.600 458526.852
970670.841 458466.596
Suspect80
891720.195 284798.655
891637.274 284810.226
Suspect81
358191.697 517524.948
358124.701 517489.684
Suspect82
974847.789 111642.565
974791.433 111576.605
Suspect83
665709.358 977519.792
665765.307 977569.831
Suspect84
497260.883 420404.128
497309.083 420428.307
Suspect85
466965.786 43677.211
467028.645 43632.692
Suspect86
195493.810 512994.105
195448.158 512971.298
Suspect87
773937.683 336337.778
773951.049 336430.502
Suspect88
237805.785 470373.787
237822.684 470445.844
Suspect89
585122.135 941437.691
585176.681 941394.416
Suspect90
478304.483 204603.472
478208.417 204579.632
Suspect91
804759.029 950505.183
804665.584 950533.814
Suspect92
889831.154 910240.995
889735.572 910253.755
Suspect93
112772.171 666471.346
112818.291 666518.894
Suspect94
960977.175 925802.221
960943.122 925723.950
Suspect95
643553.176 375166.960
643494.058 375133.322
Suspect96
480297.069 474002.646
480210.621 473992.528
Suspect97
578782.135 24760.491
578840.355 24762.527
Suspect98
237228.580 426257.918
237256.225 426312.985
Suspect99
975299.260 316524.187
975243.568 316547.771
Suspect100
744425.583 132427.720
744360.031 132479.530
Suspect101
333612.692 590198.776
333671.738 590194.215
Suspect102
130155.036 471046.677
130198.538 471010.920
Suspect103
565946.905 485859.932
565890.733 485844.883
Suspect104
862104.172 608292.268
862147.200 608324.082
Suspect105
144807.519 681572.191
144748.739 681506.787
Suspect106
945390.076 505698.972
945460.355 505639.465
Suspect107
303858.080 42249.132
303812.579 42209.337
Suspect108
687758.317 987134.424
687767.144 987061.262
Suspect109
222474.474 270021.331
222478.672 269932.045
Suspect110
43903.213 164812.235
43909.439 164751.678
Suspect111
153663.702 620046.363
153680.565 619952.228
Suspect112
938537.368 232123.090
938529.116 232213.979
Suspect113
452103.258 438078.136
452097.870 438176.052
Suspect114
824283.484 57824.121
824272.835 57894.401
Suspect115
424878.257 187245.233
424864.494 187196.439
Suspect116
55656.810 661634.198
55668.288 661691.126
Suspect117
862063.281 261371.284
861991.827 261403.711
Suspect118
454351.698 515540.229
454379.147 515465.178
Suspect119
7616.730 230802.923
7659.669 230841.857
Suspect120
703741.353 698128.274
703724.149 698064.740
Suspect121
603125.355 234093.487
603153.699 234034.149
Suspect122
716085.384 566884.513
716091.339 566881.304
Suspect123
15024.043 676066.978
15024.126 675977.243
Suspect124
446922.931 470905.992
446844.008 470900.957
Suspect125
609325.194 324709.576
609272.343 324662.945
Suspect126
978343.755 283892.293
978290.095 283834.439
Suspect127
909097.236 339581.861
909044.928 339608.333
Suspect128
913454.244 47480.839
913450.135 47543.326
Suspect129
275307.524 384172.304
275386.749 384133.923
Suspect130
843067.411 111097.199
843111.183 111144.401
Suspect131
29878.211 439333.036
29902.180 439244.380
Suspect132
917620.476 502035.512
917665.620 502077.677
Suspect133
38759.002 4981.006
38818.731 5009.986
Suspect134
716117.304 566855.339
716116.305 566877.820
Suspect135
2441.707 992121.971
2369.446 992114.443
Suspect136
148215.573 18857.160
148174.283 18895.654
Suspect137
927453.784 19439.347
927431.944 19387.136
Suspect138
516637.725 27708.006
516671.806 27759.555
Suspect139
597798.115 271593.895
597714.279 271603.361
Suspect140
797091.420 926548.394
797166.561 926574.304
Suspect141
102210.505 930937.325
102133.417 930927.150
Suspect142
481014.631 19871.697
481070.869 19905.621
Suspect143
288681.919 639766.063
288602.786 639774.032
Suspect144
72281.804 956592.887
72206.952 956594.601
Suspect145
330446.016 669661.005
330366.141 669626.440
Suspect146
916663.453 52482.093
916742.708 52433.078
Suspect147
576898.915 434971.371
576970.642 435023.609
Suspect148
559366.918 948304.180
559338.772 948346.506
Suspect149
34391.139 616036.660
34448.423 616116.816
Suspect150
907726.713 992793.516
907729.507 992857.627
Suspect151
428277.510 334499.516
428201.680 334465.236
Suspect152
191934.838 400726.628
191984.379 400674.408
Suspect153
872805.559 218569.135
872734.523 218555.524
Suspect154
401269.773 616238.001
401220.047 616268.492
Suspect155
719368.785 810353.376
719375.610 810301.006
Suspect156
526604.989 410157.164
526589.261 410070.931
Suspect157
166346.046 600385.430
166271.084 600349.654
Suspect158
562046.777 57527.558
562070.930 57603.194
Suspect159
695193.939 26228.209
695180.845 26304.054
Suspect160
809372.358 477601.542
809390.192 477671.855
Suspect161
347654.104 42548.246
347588.773 42587.722
Suspect162
588509.162 473487.326
588434.454 473506.906
Suspect163
277882.936 359307.932
277825.618 359291.909
Suspect164
985616.379 182257.942
985654.936 182313.420
Suspect165
901006.445 152733.300
901044.478 152651.205
Suspect166
767400.714 538713.503
767436.512 538797.480
Suspect167
716099.973 566899.932
716111.718 566851.100
Suspect168
967122.609 289350.449
967166.224 289267.420
Suspect169
777864.174 387556.828
777923.631 387617.547
Suspect170
645149.802 965588.802
645179.529 965527.694
Suspect171
176506.626 113930.790
176521.484 113845.399
Suspect172
532810.491 601163.830
532906.480 601181.006
Suspect173
969298.465 353984.391
969327.130 354035.439
Suspect174
926675.938 657974.988
926738.970 657923.827
Suspect175
347914.272 42463.165
347895.696 42370.023
Suspect176
585685.123 930897.660
585761.221 930874.928
Suspect177
559158.855 65281.954
559248.741 65299.250
Suspect178
716106.041 566865.513
716116.797 566885.567
Suspect179
497704.716 336366.210
497691.494 336292.536
Suspect180
716130.332 566848.384
716054.108 566832.238
Suspect181
554960.925 873047.842
555031.053 873030.863
Suspect182
182931.252 631621.138
183005.421 631592.028
Suspect183
855678.546 635457.156
855668.364 635545.428
Suspect184
681300.550 730982.291
681269.958 730930.404
Suspect185
573788.177 770766.403
573861.141 770726.497
Suspect186
872138.745 481539.446
872148.457 481453.928
Suspect187
269620.922 606062.628
269614.135 606113.116
Suspect188
750608.009 432672.597
750692.430 432691.952
Suspect189
844108.612 42554.042
844162.145 42601.455
Suspect190
992706.517 340989.946
992714.204 341083.306
Suspect191
90767.039 903000.244
90773.937 902902.885
Suspect192
763548.142 548289.490
763623.560 548352.665
Suspect193
95713.694 292040.814
95718.815 291983.331
Suspect194
739506.555 307950.753
739584.900 307977.639
Suspect195
464694.143 933503.293
464745.016 933575.398
Suspect196
688919.584 674716.243
688924.768 674643.407
Suspect197
716052.847 566814.906
716090.354 566817.958
Suspect198
226142.610 293325.539
226184.634 293264.641
Suspect199
904550.119 616373.797
904568.773 616301.713
Suspect200
506072.099 86990.335
506044.072 86929.546
Suspect201
209349.429 193613.959
209273.248 193577.865
Suspect202
671294.807 4244.867
671355.465 4210.684
Suspect203
349123.524 169751.834
349104.446 169688.791
Suspect204
382142.545 651059.056
382088.522 651071.862
Suspect205
795298.081 402342.765
795214.589 402385.018
Suspect206
506076.012 957840.278
506021.150 957911.503
Suspect207
767033.218 443685.155
766962.177 443654.394
Suspect208
700396.313 918525.494
700347.251 918456.640
Suspect209
155555.153 697128.255
155599.079 697153.639
Suspect210
406033.233 848667.675
406081.401 848583.239
Suspect211
95144.848 914258.719
95104.057 914336.279
Suspect212
218932.285 944224.255
218973.298 944269.910
Suspect213
716117.104 566879.182
716047.581 566868.016
Suspect214
771388.357 329434.971
771483.062 329426.116
Suspect215
368833.518 530538.523
368888.479 530503.894
Suspect216
885186.011 124322.001
885238.291 124337.688
Suspect217
971027.059 373580.076
971035.404 373659.799
Suspect218
60695.629 48231.831
60615.950 48243.973
Suspect219
716120.542 566871.115
716072.012 566893.177
Suspect220
735655.138 679715.007
735597.385 679693.635
Suspect221
273478.746 378427.843
273482.569 378374.309
Suspect222
763049.177 311040.308
763069.555 311110.359
Suspect223
672460.034 131755.413
672427.051 131813.201
Suspect224
407642.953 484467.696
407672.738 484546.493
Suspect225
374224.575 611212.892
374320.783 611225.127
Suspect226
766125.802 197709.449
766076.100 197669.841
Suspect227
564206.153 958038.041
564141.089 958007.457
Suspect228
716108.841 566822.300
716092.164 566887.181
Suspect229
626598.695 361406.737
626547.849 361350.802
Suspect230
335090.330 68991.740
335051.722 69048.034
Suspect231
503776.636 785372.310
503810.454 785409.961
Suspect232
141043.919 732796.724
141078.944 732729.378
Suspect233
193311.611 413426.892
193216.094 413441.109
Suspect234
716110.712 566872.807
716080.495 566821.657
Suspect235
85818.116 897244.658
85905.325 897229.044
Suspect236
151772.579 596715.905
151756.484 596784.047
Suspect237
668057.979 850941.716
667992.163 850954.636
Suspect238
836675.975 515867.077
836745.293 515864.006
Suspect239
722296.165 268825.011
722374.963 268857.896
Suspect240
628606.429 29523.962
628663.126 29591.422
Suspect241
428560.827 986757.818
428555.825 986675.866
Suspect242
45824.800 534589.417
45811.173 534495.473
Suspect243
695533.530 246911.303
695628.635 246913.851
Suspect244
763097.864 217427.458
763081.990 217344.147
Suspect245
350720.505 316544.363
350673.251 316613.107
Suspect246
557407.001 180106.920
557341.781 180091.848
Suspect247
718827.424 669433.264
718796.994 669375.615
Suspect248
842040.706 609138.173
841979.938 609159.596
Suspect249
784840.578 409607.885
784743.731 409604.151
Suspect250
792702.143 664894.778
792796.324 664912.356
Suspect251
716045.333 566861.080
716059.500 566817.094
Suspect252
181045.193 848177.658
181002.079 848144.170
Suspect253
854593.087 15326.670
854673.521 15345.449
Suspect254
393201.964 982911.616
393248.015 982828.685
Suspect255
490252.997 548679.749
490190.149 548619.705
Suspect256
716102.340 566822.763
716091.888 566811.116
Suspect257
954998.180 159205.484
954920.939 159215.548
Suspect258
15033.361 161285.293
14983.078 161325.888
Suspect259
383695.628 149174.619
383703.398 149240.523
Suspect260
121206.897 361221.764
121218.343 361151.637
Suspect261
954356.096 570453.329
954386.830 570386.521
Suspect262
836360.331 30739.788
836421.578 30744.757
Suspect263
628580.738 134268.615
628520.352 134298.691
Suspect264
666261.641 459765.959
666283.601 459814.383
Suspect265
635611.118 514828.690
635664.325 514793.885
Suspect266
672501.585 563455.181
672492.452 563404.024
Suspect267
716105.706 566883.283
716069.436 566891.344
Suspect268
346304.663 215925.152
346256.042 215906.003
Suspect269
357030.121 653061.106
356983.945 652982.226
Suspect270
800957.242 210745.936
800925.014 210810.437
Suspect271
434350.861 922688.379
434321.584 922758.400
Suspect272
566859.201 841161.942
566793.768 841147.758
Suspect273
100715.841 98116.487
100689.934 98179.397
Suspect274
819444.989 111412.338
819464.676 111487.559
Suspect275
666451.109 551549.104
666541.158 551518.946
Suspect276
224779.180 646894.873
224756.301 646799.838
Suspect277
449316.790 965165.140
449261.467 965162.288
Suspect278
377594.100 376880.850
377582.480 376964.664
Suspect279
880317.547 628265.590
880395.367 628324.062
Suspect280
942419.089 956400.968
942355.976 956417.499
Suspect281
783658.581 832706.834
783660.416 832768.382
Suspect282
738005.138 70582.459
737949.030 70524.872
Suspect283
975836.459 762342.124
975883.572 762279.715
Suspect284
244506.807 386787.369
244474.767 386748.275
Suspect285
52486.397 753637.904
52470.265 753730.482
Suspect286
470890.684 510723.009
470952.094 510733.547
Suspect287
673990.826 754826.917
674057.046 754764.933
Suspect288
796797.771 862265.474
796859.799 862235.910
Suspect289
821986.443 229905.605
821904.487 229889.574
Suspect290
298594.981 915057.444
298647.674 915053.032
Suspect291
378790.302 641478.410
378789.412 641530.284
Suspect292
183608.435 741011.701
183537.909 741029.850
Suspect293
980397.723 2897.098
980445.691 2913.179
Suspect294
289539.722 266672.719
289483.320 266637.962
Suspect295
411088.225 815338.121
411080.757 815269.754
Suspect296
157823.004 82958.100
157794.118 83037.453
Suspect297
843807.851 999407.132
843800.187 999462.899
Suspect298
960190.099 53122.507
960282.822 53154.448
Suspect299
716112.644 566856.188
716047.439 566842.220
Suspect300
335857.171 293932.174
335762.056 293907.796
Suspect301
23028.113 663680.842
23070.073 663717.643
Suspect302
781257.776 563968.571
781275.784 563874.913
Suspect303
643298.090 604956.149
643237.531 604878.054
Suspect304
966964.332 632794.708
967018.871 632874.971
Suspect305
30806.185 921845.294
30807.653 921783.304
Suspect306
420096.956 532713.966
420024.674 532715.387
Suspect307
131622.124 740145.921
131661.670 740186.604
Suspect308
817681.515 433375.328
817765.625 433336.848
Suspect309
716110.963 566835.998
716116.329 566847.640
Suspect310
954890.630 509422.069
954933.606 509453.354
Suspect311
612394.196 303907.573
612482.686 303865.140
Suspect312
418128.587 896791.325
418054.888 896793.243
Suspect313
777814.129 780129.661
777784.383 780193.662
Suspect314
201588.364 127956.652
201606.767 128046.512
Suspect315
913678.595 755258.400
913590.768 755271.365
Suspect316
691639.082 585414.999
691664.610 585346.249
Suspect317
647186.858 696685.748
647274.037 696689.239
Suspect318
349043.551 533865.724
349048.402 533923.237
Suspect319
716084.704 566822.282
716064.156 566813.821
Suspect320
957413.686 142370.624
957370.269 142337.840
Suspect321
157388.634 846048.618
157310.894 846053.344
Suspect322
208132.476 359706.637
208185.132 359703.374
Suspect323
390007.430 281425.599
389919.668 281466.041
Suspect324
738662.819 607020.765
738703.437 607073.731
Suspect325
68263.686 893965.848
68314.152 893991.288
Suspect326
360465.511 607412.657
360442.459 607332.204
Suspect327
346492.897 57395.481
346526.363 57472.142
Suspect328
107044.572 311488.279
107007.962 311569.257
Suspect329
26209.671 516517.510
26254.041 516479.876
Suspect330
887900.724 495997.127
887955.887 496079.204
Suspect331
207618.482 475689.233
207600.864 475747.050
Suspect332
694171.191 606424.258
694151.839 606475.624
Suspect333
665158.604 238734.029
665195.748 238782.579
Suspect334
160856.971 905029.811
160806.145 904998.756
Suspect335
762238.468 788440.833
762284.780 788415.972
Suspect336
803233.802 318836.861
803231.498 318743.900
Suspect337
842384.641 11187.063
842456.481 11248.281
Suspect338
226488.905 933826.160
226529.785 933893.013
Suspect339
124851.282 308353.768
124801.093 308330.050
Suspect340
57820.312 852104.051
57880.573 852091.437
Suspect341
192305.639 91084.450
192215.364 91050.279
Suspect342
269181.094 118067.759
269253.695 118122.285
Suspect343
186526.388 128571.788
186561.343 128526.725
Suspect344
946546.544 627600.165
946607.817 627659.149
Suspect345
825121.017 912439.798
825091.482 912495.200
Suspect346
418026.836 361083.520
417934.287 361069.823
Suspect347
318089.305 110920.860
318029.652 110884.772
Suspect348
978343.905 926530.087
978397.534 926599.601
Suspect349
197630.042 816410.690
197661.072 816356.733
Suspect350
241135.775 263384.987
241088.245 263353.695
Suspect351
977908.733 638616.824
977868.562 638547.264
Suspect352
413247.622 440564.390
413272.905 440509.088
Suspect353
433573.788 762898.852
433511.809 762893.874
Suspect354
516613.677 784050.123
516649.401 784013.072
Suspect355
126629.586 879531.818
126553.182 879553.504
Suspect356
783529.254 89869.823
783472.627 89900.112
Suspect357
620844.894 394506.542
620763.368 394454.417
Suspect358
120058.521 417548.762
120121.407 417536.970
Suspect359
601195.303 556113.817
601144.904 556096.406
Suspect360
670017.116 917128.439
670010.353 917070.031
Suspect361
862908.740 73942.373
862882.699 73893.079
Suspect362
118416.296 319603.770
118464.182 319557.074
Suspect363
850503.764 468052.449
850543.061 468119.152
Suspect364
448448.428 116139.196
448412.323 116191.898
Suspect365
111779.826 765970.890
111875.636 765971.606
Suspect366
410040.539 65681.648
409969.840 65633.027
Suspect367
685040.135 263785.424
684965.917 263781.135
Suspect368
970697.106 503595.890
970635.815 503555.322
Suspect369
59896.967 884999.137
59815.762 885043.782
Suspect370
500799.068 975706.197
500866.450 975686.179
Suspect371
942830.412 206938.893
942906.062 206896.812
Suspect372
395720.638 992635.113
395664.506 992627.637
Suspect373
618241.280 479394.185
618181.731 479464.545
Suspect374
256072.004 188589.152
256050.899 188520.931
Suspect375
224059.651 933795.632
224008.887 933757.635
Suspect376
635069.929 876747.878
635045.206 876665.716
Suspect377
758040.529 373625.519
757992.292 373653.959
Suspect378
718484.584 920171.420
718471.706 920236.134
Suspect379
96698.498 447884.939
96714.615 447968.942
Suspect380
716084.805 566804.906
716058.839 566877.948
Suspect381
716078.088 566879.254
716061.414 566837.752
Suspect382
716099.142 566823.850
716117.589 566836.448
Suspect383
231556.574 671317.324
231479.427 671366.509
Suspect384
95945.613 134144.820
95868.832 134129.055
Suspect385
671686.292 251549.524
671658.012 251506.913
Suspect386
113980.989 543765.509
113992.338 543842.083
Suspect387
684019.135 496113.828
683988.321 496034.058
Suspect388
64847.841 316954.739
64891.564 316909.751
Suspect389
475637.593 637999.253
475569.542 638030.844
Suspect390
573885.560 785794.533
573908.114 785864.431
Suspect391
878219.442 673596.001
878170.133 673627.029
Suspect392
623074.361 353001.595
623016.412 353061.071
Suspect393
223928.360 923280.932
223857.040 923261.840
Suspect394
900698.109 656293.974
900748.389 656219.271
Suspect395
99383.596 673642.425
99305.566 673655.568
Suspect396
649554.961 361989.249
649503.567 361964.892
Suspect397
688616.506 468452.443
688607.469 468512.487
Suspect398
223157.618 751133.566
223187.465 751039.939
Suspect399
342677.755 425064.781
342627.724 424997.281
Suspect400
970498.174 930406.888
970513.715 930325.155
Suspect401
159068.751 731237.752
159143.640 731188.365
Suspect402
199835.364 637743.906
199866.791 637686.250
Suspect403
718427.136 224450.846
718391.119 224516.168
Suspect404
820594.918 219056.868
820597.140 219134.708
Suspect405
708904.567 671604.485
708851.659 671600.917
Suspect406
829856.151 427640.566
829778.851 427590.053
Suspect407
970433.345 51562.728
970370.266 51490.963
Suspect408
96031.180 241785.985
96072.870 241744.535
Suspect409
511585.048 796318.773
511525.217 796311.260
Suspect410
897225.763 908823.691
897275.809 908857.443
Suspect411
290983.415 568633.990
290893.641 568606.689
Suspect412
395403.466 905264.187
395320.279 905213.584
Suspect413
13240.693 744820.613
13181.187 744844.425
Suspect414
669857.981 452896.754
669760.195 452900.363
Suspect415
866144.608 330909.509
866207.355 330940.550
Suspect416
94630.868 649654.493
94540.949 649633.063
Suspect417
21331.607 568764.026
21328.292 568818.583
Suspect418
724395.143 161748.324
724447.271 161814.745
Suspect419
834938.512 985771.669
834896.271 985726.135
Suspect420
951957.559 780017.554
951966.557 779944.402
Suspect421
17734.094 107565.377
17687.543 107588.342
Suspect422
17915.828 968640.685
17977.295 968653.922
Suspect423
595988.432 487796.810
596026.349 487835.030
Suspect424
989139.120 828294.971
989223.053 828322.540
Suspect425
254847.077 112303.824
254783.339 112320.810
Suspect426
577623.541 658548.669
577675.692 658558.491
Suspect427
645233.482 607085.550
645180.320 607108.331
Suspect428
644906.972 535715.065
644960.336 535688.843
Suspect429
443312.445 20317.497
443251.592 20302.030
Suspect430
429610.148 22593.134
429537.487 22560.441
Suspect431
378303.540 258210.870
378290.862 258308.444
Suspect432
446804.273 295464.523
446791.823 295529.691
Suspect433
89942.906 532839.300
89915.647 532762.210
Suspect434
637787.666 611412.006
637767.780 611354.190
Suspect435
541148.352 427127.470
541092.788 427077.243
Suspect436
697487.101 145470.116
697557.834 145417.911
Suspect437
716116.875 566861.643
716125.264 566834.545
Suspect438
802313.395 57693.163
802256.711 57691.298
Suspect439
723386.476 771361.800
723337.851 771290.849
Suspect440
651133.920 523294.609
651082.978 523339.216
Suspect441
51653.976 802897.737
51706.467 802898.070
Suspect442
145053.953 520985.348
145098.812 521058.536
Suspect443
834998.888 141598.287
835011.095 141667.939
Suspect444
267865.927 182148.760
267922.814 182124.725
Suspect445
18036.967 340208.476
18090.504 340224.951
Suspect446
201086.639 930875.548
201014.040 930885.193
Suspect447
716047.324 566851.192
716034.982 566848.139
Suspect448
932925.755 412173.398
932888.047 412213.091
Suspect449
808709.950 311773.549
808705.535 311868.834
Suspect450
989634.073 992396.520
989607.351 992335.812
Suspect451
635513.072 312171.830
635485.857 312225.489
Suspect452
811298.466 7426.334
811278.593 7518.424
Suspect453
233795.517 281909.725
233788.409 281847.977
Suspect454
250099.604 146466.369
250127.650 146398.619
Suspect455
965745.188 461317.309
965794.344 461297.002
Suspect456
936856.497 261766.557
936944.615 261797.260
Suspect457
924714.672 142653.235
924737.075 142717.060
Suspect458
848931.702 148368.757
849005.117 148306.274
Suspect459
592041.758 409252.945
592002.648 409295.678
Suspect460
638357.011 311558.441
638383.840 311486.357
Suspect461
467332.001 151186.003
467383.644 151141.912
Suspect462
69758.438 349677.762
69774.431 349757.871
Suspect463
176567.481 487519.220
176656.579 487545.610
Suspect464
656917.432 702024.880
656872.374 701983.208
Suspect465
786038.522 706727.288
786074.395 706798.980
Suspect466
544812.522 602385.847
544877.139 602377.466
Suspect467
992477.902 286987.812
992473.695 286917.253
Suspect468
860743.802 138314.360
860660.576 138322.868
Suspect469
520910.100 477043.408
520872.235 476959.472
Suspect470
153650.331 344596.214
153739.659 344571.152
Suspect471
441611.014 306008.205
441612.789 305950.305
Suspect472
154988.535 256404.639
155062.185 256426.396
Suspect473
216205.775 746942.177
216257.303 746858.943
Suspect474
927546.926 813473.640
927475.436 813541.667
Suspect475
100316.073 84211.059
100259.440 84193.492
Suspect476
520331.322 441186.496
520260.126 441161.867
Suspect477
66300.336 328596.110
66252.735 328509.327
Suspect478
518161.172 37797.044
518214.485 37770.225
Suspect479
664513.381 786812.061
664541.932 786881.055
Suspect480
363876.886 969071.369
363877.684 969000.601
Suspect481
215144.876 623537.934
215178.385 623481.606
Suspect482
39064.612 512458.239
39065.956 512528.847
Suspect483
415078.791 454260.047
415063.817 454323.779
Suspect484
615963.484 2466.771
615933.152 2399.143
Suspect485
855348.675 676172.159
855374.825 676231.019
Suspect486
338727.964 707249.926
338647.142 707199.007
Suspect487
74646.613 382073.016
74617.344 382131.657
Suspect488
256475.614 213463.106
256415.785 213421.213
Suspect489
622976.479 308646.613
622917.511 308706.772
Suspect490
13558.676 812287.131
13496.066 812355.108
Suspect491
176924.738 345706.082
176828.207 345705.880
Suspect492
204255.153 64075.511
204184.879 64096.168
Suspect493
34155.050 676927.482
34118.625 677000.492
Suspect494
719583.784 372405.661
719597.152 372311.352
Suspect495
319615.817 635294.631
319520.106 635269.954
Suspect496
753204.063 20384.882
753188.577 20303.236
Suspect497
959582.313 837921.866
959485.579 837908.933
Suspect498
591371.213 712881.369
591367.008 712787.992
Suspect499
922038.035 115116.959
922084.355 115141.745
