879585.647 493845.364
100 2
Suspect0
449034.795 12092.793
449085.875 12098.129
Suspect1
508007.129 518654.138
508071.482 518697.362
Suspect2
879622.492 493877.068
879605.465 493819.734
Suspect3
538543.162 839335.746
538573.843 839282.905
Suspect4
575545.347 644833.686
575521.749 644788.466
Suspect5
664179.226 702551.495
664109.805 702583.362
Suspect6
669094.938 926965.119
669043.067 926976.608
Suspect7
256482.535 739219.640
256401.961 739240.843
Suspect8
412547.724 561809.082
412536.733 561740.477
Suspect9
162638.098 249325.425
162689.281 249244.574
Suspect10
254717.332 517904.442
254802.010 517859.101
Suspect11
632732.538 228395.174
632641.748 228359.180
Suspect12
225970.309 64143.008
226027.951 64079.822
Suspect13
109712.088 970823.481
109671.320 970787.498
Suspect14
515622.280 567513.740
515667.159 567437.305
Suspect15
227970.166 389737.010
227899.366 389727.374
Suspect16
218826.317 456627.691
218814.163 456575.372
Suspect17
410335.259 292433.612
410419.675 292472.144
Suspect18
675837.923 837485.509
675895.424 837456.153
Suspect19
389101.008 946981.643
389058.106 946940.443
Suspect20
77994.230 371259.676
78006.823 371197.715
Suspect21
509840.363 987405.767
509774.814 987457.461
Suspect22
879601.113 493807.172
879582.147 493817.572
Suspect23
833780.944 358669.297
833721.843 358713.426
Suspect24
889899.557 951206.615
889866.233 951259.491
Suspect25
541886.123 956259.434
541807.110 956299.260
Suspect26
646773.880 55396.638
646867.800 55421.662
Suspect27
177845.117 481437.133
177925.375 481396.193
Suspect28
434110.247 192699.924
434025.246 192728.346
Suspect29
160032.003 486569.893
159970.082 486534.189
Suspect30
835304.260 222725.111
835376.703 222776.875
Suspect31
387705.910 450492.383
387648.551 450528.862
Suspect32
723229.615 948550.276
723277.605 948474.388
Suspect33
638241.472 935115.232
638164.755 935056.515
Suspect34
558203.900 779374.135
558161.471 779458.332
Suspect35
557950.779 131565.442
557999.127 131526.695
Suspect36
981616.395 551467.123
981550.242 551489.761
Suspect37
381477.810 21273.472
381552.648 21242.284
Suspect38
744421.945 485768.399
744496.796 485730.438
Suspect39
218349.052 476316.827
218351.938 476406.734
Suspect40
987140.740 127589.656
987163.656 127645.230
Suspect41
659863.317 33323.512
659938.261 33320.855
Suspect42
990989.417 569930.492
990900.723 569937.376
Suspect43
543111.716 887146.454
543070.610 887109.903
Suspect44
495373.741 249263.735
495320.343 249324.909
Suspect45
810163.408 470791.037
810213.432 470746.001
Suspect46
287893.288 704322.573
287944.764 704329.508
Suspect47
879585.431 493815.740
879579.335 493814.042
Suspect48
879558.749 493830.880
879625.358 493838.940
Suspect49
954864.841 336695.904
954789.635 336747.641
Suspect50
960515.554 223146.768
960461.518 223080.531
Suspect51
954108.742 243075.886
954077.040 243013.312
Suspect52
506514.629 365137.621
506473.754 365089.829
Suspect53
920271.800 318735.677
920345.989 318780.711
Suspect54
242784.136 705418.761
242724.873 705446.252
Suspect55
403369.831 797233.116
403457.403 797262.447
Suspect56
26449.595 518454.681
26416.717 518392.055
Suspect57
213054.339 643033.107
212973.890 643089.232
Suspect58
743054.630 699530.049
743074.355 699597.275
Suspect59
659008.869 432115.989
659037.526 432208.878
Suspect60
901899.063 112269.673
901940.975 112208.093
Suspect61
840730.338 312747.940
840735.184 312670.679
Suspect62
520358.153 289685.314
520360.667 289764.633
Suspect63
665385.778 255783.728
665484.026 255783.168
Suspect64
226836.416 515076.798
226821.929 515012.032
Suspect65
545006.194 207088.703
544938.538 207151.629
Suspect66
625798.075 555746.276
625811.881 555835.063
Suspect67
6677.458 345934.024
6669.338 345999.214
Suspect68
647106.928 300622.969
647084.017 300537.829
Suspect69
105870.962 179605.145
105853.326 179691.169
Suspect70
879604.945 493865.269
879560.397 493855.261
Suspect71
428665.061 566564.732
428663.510 566512.744
Suspect72
822635.638 37001.846
822612.260 36948.766
Suspect73
607649.644 146181.478
607681.384 146254.389
Suspect74
409609.936 14602.680
409689.511 14645.288
Suspect75
879622.544 493874.752
879543.692 493852.140
Suspect76
745556.829 44824.268
745591.063 44866.524
Suspect77
879558.792 493885.801
879559.672 493875.719
Suspect78
879617.770 493864.032
879611.936 493842.651
Suspect79
642954.403 198285.641
643011.796 198255.065
Suspect80
271283.413 901433.640
271237.444 901479.420
Suspect81
825086.193 199386.623
825114.460 199469.231
Suspect82
400895.926 878045.040
400834.734 878016.982
Suspect83
159275.360 440843.984
159197.088 440823.787
Suspect84
448914.034 717874.449
448879.113 717933.251
Suspect85
224845.868 387365.040
224801.440 387438.198
Suspect86
941212.177 582105.578
941138.208 582071.150
Suspect87
219544.531 236283.781
219525.649 236224.654
Suspect88
696417.504 960284.608
696459.547 960244.305
Suspect89
288894.391 87395.125
288980.336 87435.954
Suspect90
562668.197 871424.228
562637.855 871364.277
Suspect91
418959.926 574587.083
419027.654 574627.978
Suspect92
879595.209 493878.424
879610.199 493826.746
Suspect93
9877.387 564673.809
9848.296 564744.006
Suspect94
597653.827 625156.049
597645.074 625216.719
Suspect95
887293.098 638832.556
887349.838 638828.120
Suspect96
112532.614 60179.384
112553.942 60252.822
Suspect97
896297.712 339686.061
896224.921 339741.272
Suspect98
631123.030 749003.777
631062.894 748946.903
Suspect99
789862.637 463883.917
789818.450 463955.951
