422446.776 662829.427
1 1000
Suspect0
421971.022 665222.004
421974.753 665168.518
421921.047 665124.234
421980.831 665108.275
422046.567 665165.789
422095.260 665111.539
422112.029 665048.542
422204.366 665026.788
422212.019 664961.902
422263.377 664910.473
422256.729 664981.775
422238.604 664933.812
422309.218 664976.881
422403.088 664964.418
422422.692 665045.214
422417.938 665128.549
422411.701 665050.421
422504.405 665082.935
422596.297 665046.354
422536.864 665097.793
422521.775 665042.130
422566.713 665101.355
422567.612 665178.690
422565.536 665100.863
422544.147 665049.818
422579.425 665097.582
422637.584 665100.789
422596.802 665069.938
422557.167 664981.193
422572.685 665057.513
422544.527 665106.439
422611.315 665096.746
422684.399 665045.889
422696.113 664990.677
422773.212 664977.154
422775.075 664925.433
422814.260 664975.829
422832.206 665029.780
422874.789 664955.815
422781.944 664972.446
422792.401 665025.505
422747.809 665068.537
422745.985 664983.158
422711.411 664902.278
422760.097 664982.437
422837.932 664970.038
422875.369 664933.767
422909.138 665000.782
422906.489 665083.488
422964.952 665062.610
422902.247 665102.425
422861.429 665138.883
422937.482 665188.571
422885.674 665170.312
422831.199 665211.789
422860.198 665148.231
422862.818 665223.732
422904.469 665285.806
422961.577 665248.057
422909.920 665312.564
422911.029 665368.508
422879.296 665427.899
422917.734 665384.642
422870.185 665306.615
422947.944 665274.836
422981.307 665335.871
423003.984 665422.525
423049.144 665477.078
423005.029 665503.952
423063.513 665428.310
423059.639 665503.440
423097.028 665557.771
423156.329 665597.201
423154.253 665538.936
423097.997 665564.273
423007.990 665595.177
422980.891 665529.459
422927.116 665447.561
422909.984 665390.767
422977.524 665371.614
423030.202 665386.092
423100.297 665437.792
423042.893 665472.907
422992.988 665479.939
423038.873 665546.603
422962.683 665523.559
422919.769 665580.870
422983.050 665527.221
423021.633 665471.742
423071.920 665497.212
423080.558 665594.089
423123.280 665539.395
423173.528 665495.269
423245.769 665476.385
423308.534 665456.382
423307.088 665517.717
423246.029 665506.951
423324.593 665517.479
423331.763 665571.645
423317.470 665494.606
423329.292 665438.798
423356.944 665378.253
423287.317 665313.052
423352.931 665341.166
423406.455 665294.543
423486.478 665295.404
423557.082 665247.408
423479.131 665266.152
423477.453 665167.216
423420.795 665202.465
423393.338 665245.084
423362.301 665197.739
423308.455 665238.379
423299.974 665161.097
423243.835 665224.570
423191.405 665188.277
423161.333 665127.991
423182.238 665047.927
423136.262 664982.520
423149.564 665034.171
423120.555 664956.714
423139.086 664906.976
423101.806 664847.925
423089.139 664899.963
423109.340 664840.520
423145.925 664931.490
423193.684 664946.388
423136.246 664873.418
423186.316 664922.405
423162.338 664868.095
423106.901 664824.147
423185.164 664833.732
423217.473 664792.036
423302.458 664769.898
423232.255 664727.421
423177.619 664752.957
423240.088 664707.448
423300.681 664687.788
423249.827 664667.511
423320.832 664616.472
423270.033 664595.930
423176.194 664577.760
423197.659 664653.507
423213.609 664581.807
423184.324 664641.428
423137.429 664707.947
423104.594 664663.576
423155.681 664715.888
423207.226 664707.124
423245.981 664672.544
423247.933 664753.609
423252.024 664670.555
423174.659 664622.519
423254.530 664662.590
423339.877 664639.216
423426.848 664685.128
423467.505 664728.936
423557.617 664759.101
423532.016 664706.985
423515.347 664616.708
423484.802 664551.414
423535.120 664481.660
423570.308 664553.097
423487.195 664518.969
423422.987 664495.570
423488.022 664563.580
423405.796 664544.281
423403.965 664460.967
423446.054 664395.250
423443.157 664472.137
423461.888 664535.376
423445.260 664468.977
423526.601 664510.797
423501.332 664572.660
423590.317 664615.478
423530.304 664670.303
423570.517 664710.418
423604.144 664660.533
423624.516 664723.747
423678.166 664726.553
423587.823 664735.632
423498.313 664763.441
423581.726 664815.391
423553.873 664874.580
423483.964 664857.643
423400.006 664851.633
423336.580 664799.627
423395.549 664788.915
423344.893 664779.567
423278.259 664708.597
423339.294 664713.650
423276.007 664729.944
423274.510 664818.246
423237.747 664770.167
423199.327 664729.608
423259.307 664719.676
423251.416 664635.467
423251.963 664733.985
423287.601 664783.756
423330.642 664736.641
423274.343 664772.033
423187.887 664746.105
423149.370 664697.157
423128.006 664605.083
423043.278 664573.109
423097.870 664647.632
423066.626 664597.247
423119.824 664652.753
423216.097 664655.035
423172.621 664621.659
423221.890 664661.890
423264.224 664579.464
423205.410 664644.102
423209.019 664702.508
423201.133 664618.101
423123.415 664567.398
423094.130 664614.099
423098.544 664550.453
423025.019 664605.828
423086.251 664677.516
423093.006 664627.330
423139.382 664693.516
423046.536 664706.097
423135.876 664715.459
423058.973 664669.584
423051.309 664600.726
423130.086 664657.611
423207.110 664695.599
423211.420 664620.970
423158.263 664653.773
423226.801 664657.082
423274.235 664693.346
423341.722 664645.684
423249.812 664644.479
423235.037 664714.459
423208.560 664639.294
423244.976 664727.915
423182.907 664663.239
423184.777 664753.622
423129.527 664779.645
423075.058 664706.225
423028.320 664678.116
423051.366 664761.837
423102.739 664725.920
423170.802 664772.089
423195.884 664865.154
423253.890 664839.891
423243.182 664921.684
423271.522 664979.426
423197.675 664946.917
423266.997 664944.984
423263.869 665030.883
423218.832 665098.272
423287.823 665139.031
423236.135 665222.004
423272.083 665147.704
423250.243 665062.927
423205.650 665099.279
423212.856 665025.868
423288.691 665008.156
423364.431 665065.534
423422.746 665054.087
423448.696 665104.867
423416.447 665182.874
423431.398 665126.424
423484.620 665109.791
423473.488 665059.721
423381.988 665056.869
423348.510 665006.604
423280.321 664944.363
423285.391 664999.178
423230.052 664993.944
423270.367 664920.507
423215.184 664950.589
423181.357 664892.375
423117.141 664940.160
423210.040 664966.555
423148.673 664906.381
423160.203 664974.545
423212.222 665044.355
423224.161 665103.582
423278.851 665040.761
423221.745 665016.021
423178.569 664978.792
423248.861 664995.678
423258.647 665053.589
423241.210 665114.465
423212.077 665057.924
423135.648 665040.587
423070.517 664976.695
423013.094 664999.345
423067.119 665056.954
423143.262 665030.068
423076.464 664961.326
423096.572 664905.662
423171.101 664902.352
423143.984 664950.433
423198.751 664938.426
423167.161 665009.090
423214.080 665066.379
423216.339 664982.125
423169.058 665035.498
423178.647 664955.667
423108.764 664943.676
423204.182 664940.987
423138.809 664939.933
423083.820 664905.571
423019.967 664954.351
423083.270 664996.392
423134.860 665072.791
423041.703 665061.762
423060.277 665125.373
423084.135 665202.629
423142.780 665148.328
423107.367 665199.042
423135.250 665280.188
423041.805 665254.697
423059.811 665184.323
423121.207 665216.238
423159.532 665151.978
423080.680 665180.107
423084.616 665259.938
423130.573 665337.703
423050.480 665321.758
423057.629 665238.194
422981.347 665217.747
422970.474 665133.879
422930.862 665170.718
422966.533 665219.127
423050.443 665191.342
423100.463 665115.089
423136.415 665066.534
423198.747 665053.884
423115.856 665000.746
423091.658 665055.889
423037.205 665005.640
423084.145 664950.574
423166.241 664999.882
423115.414 664961.001
423195.815 664962.249
423213.080 665039.164
423300.689 665021.829
423283.053 664946.723
423268.558 664897.899
423351.132 664917.960
423359.939 664974.875
423355.987 665067.358
423375.458 664990.954
423441.810 665008.280
423351.639 664993.904
423428.763 665012.807
423499.308 665081.535
423571.734 665021.186
423657.243 665002.424
423685.805 664921.971
423652.756 664833.411
423714.011 664801.202
423647.606 664843.395
423707.250 664862.873
423656.279 664849.600
423694.397 664783.433
423687.138 664697.336
423774.528 664706.570
423788.391 664797.443
423855.332 664831.174
423794.214 664798.029
423786.517 664885.842
423838.994 664901.132
423911.349 664906.181
423870.813 664945.481
423808.290 664961.754
423718.679 664999.043
423784.504 665029.414
423815.658 664960.563
423804.848 665055.706
423791.205 665115.938
423717.166 665172.809
423813.354 665161.557
423756.644 665169.568
423832.541 665199.691
423857.027 665125.712
423869.922 665063.576
423870.581 664980.996
423944.836 664982.520
424006.263 664973.798
423951.136 664969.773
423914.028 664925.802
423934.132 664868.089
423925.469 664921.225
423879.369 664901.068
423872.026 664820.717
423800.411 664839.065
423735.433 664825.069
423701.572 664746.300
423742.604 664789.904
423721.816 664875.190
423713.514 664801.868
423703.418 664864.992
423645.570 664859.329
423640.705 664949.572
423578.681 664957.501
423524.616 664900.453
423469.635 664850.837
423515.143 664898.672
423455.376 664857.083
423513.520 664925.971
423534.785 664868.453
423606.832 664896.185
423580.369 664973.984
423611.057 664884.488
423679.587 664908.927
423652.489 664866.207
423664.711 664776.649
423606.332 664720.601
423537.285 664672.274
423513.010 664614.114
423592.260 664653.970
423569.254 664594.886
423660.716 664570.216
423685.221 664501.677
423685.837 664451.258
423772.650 664493.562
423791.554 664572.474
423830.526 664622.133
423743.704 664592.339
423754.969 664499.178
423695.297 664435.631
423646.430 664404.462
423719.494 664443.226
423671.023 664490.373
423756.434 664537.742
423826.573 664538.319
423791.097 664582.607
423800.904 664679.941
423829.177 664637.947
423848.752 664586.812
423783.453 664528.763
423834.379 664594.233
423819.772 664540.182
423803.181 664492.712
423795.399 664419.606
423870.401 664422.455
423800.575 664427.889
423773.963 664487.949
423812.876 664564.410
423855.843 664534.222
423823.168 664572.496
423835.003 664639.101
423776.775 664686.305
423722.615 664685.903
423689.463 664635.379
423598.140 664641.822
423655.214 664624.800
423692.708 664540.451
423742.229 664528.354
423723.689 664459.788
423778.989 664437.102
423751.758 664386.120
423734.796 664303.178
423709.600 664369.599
423674.111 664447.771
423594.540 664485.231
423560.894 664423.568
423517.394 664455.267
423473.576 664497.356
423501.374 664436.218
423535.615 664351.030
423468.639 664301.552
423418.650 664332.623
423487.557 664295.071
423464.107 664218.930
423392.948 664205.202
423413.609 664281.200
423383.738 664229.844
423346.450 664301.425
423394.210 664277.233
423434.986 664307.298
423388.881 664351.409
423435.719 664268.566
423351.117 664217.280
423302.836 664189.205
423319.989 664281.170
423356.165 664214.314
423301.410 664179.473
423301.279 664117.359
423226.804 664061.018
423274.827 664101.012
423201.279 664114.331
423253.499 664142.412
423310.338 664090.171
423392.622 664057.676
423356.027 664123.200
423324.619 664185.988
423387.975 664150.788
423372.980 664206.422
423459.908 664239.742
423396.490 664233.969
423360.075 664295.865
423324.343 664220.156
423389.763 664284.851
423363.137 664331.154
423268.821 664322.890
423179.879 664343.977
423119.394 664268.808
423052.265 664330.059
423030.707 664250.087
423037.523 664168.084
422978.011 664090.122
423033.281 664130.667
423046.288 664081.290
422985.518 664136.664
423005.880 664044.488
422954.709 664124.689
422860.506 664123.580
422816.141 664180.453
422881.393 664118.950
422922.077 664074.061
422923.200 664133.584
422992.063 664145.045
423079.630 664175.078
423062.653 664231.601
423079.322 664155.437
423090.137 664104.240
423050.658 664151.168
423061.176 664217.311
423012.877 664271.841
423044.178 664222.791
423074.204 664265.587
423002.511 664231.247
423030.663 664275.029
423005.761 664193.382
422955.438 664167.354
422912.543 664204.837
422973.168 664216.693
422988.803 664264.938
423038.284 664251.952
422990.705 664191.649
423054.911 664192.327
423067.736 664279.933
423133.191 664277.837
423145.785 664211.644
423207.058 664196.965
423156.388 664170.463
423232.258 664139.005
423313.226 664128.754
423237.795 664145.378
423162.828 664142.819
423158.307 664228.568
423087.103 664234.078
423054.161 664175.530
423136.541 664123.997
423084.284 664137.025
422994.858 664171.263
422998.109 664097.129
422989.179 664181.551
423070.499 664183.052
423165.395 664184.387
423108.591 664217.183
423082.096 664144.551
423016.659 664134.560
423033.094 664045.668
423060.417 664104.682
423089.989 664034.635
423116.934 663987.825
423146.731 663929.407
423135.525 663846.053
423133.467 663902.933
423102.318 663947.397
423082.770 663882.454
423017.385 663901.390
423109.248 663887.870
423166.576 663864.273
423122.025 663899.531
423185.308 663847.837
423189.521 663754.497
423152.749 663789.328
423214.756 663807.000
423239.565 663719.378
423188.425 663710.913
423223.190 663663.819
423259.721 663606.017
423340.701 663598.897
423274.108 663650.609
423295.572 663707.499
423225.060 663713.698
423218.329 663800.481
423169.659 663788.563
423211.982 663735.939
423259.426 663763.046
423322.289 663739.799
423296.879 663805.771
423306.543 663739.466
423238.879 663795.980
423284.491 663762.390
423301.554 663855.477
423221.702 663833.530
423222.133 663755.732
423271.947 663797.461
423240.152 663706.353
423216.012 663623.313
423235.373 663673.502
423294.584 663721.741
423274.531 663664.602
423333.034 663659.366
423266.732 663686.314
423315.429 663612.505
423258.932 663544.608
423259.026 663480.890
423335.605 663418.710
423372.601 663346.358
423376.618 663396.270
423429.462 663435.094
423448.719 663364.801
423394.823 663319.767
423446.128 663374.204
423418.907 663430.305
423482.558 663486.938
423541.859 663464.278
423445.616 663485.377
423375.771 663420.691
423434.105 663394.208
423469.149 663432.680
423498.971 663354.483
423441.876 663430.479
423435.233 663496.593
423361.152 663490.062
423446.162 663492.353
423463.079 663571.143
423436.532 663488.297
423502.548 663496.528
423573.241 663450.353
423626.577 663470.341
423626.903 663543.956
423634.078 663597.845
423692.447 663633.263
423679.491 663687.334
423680.014 663753.101
423603.974 663779.257
423686.043 663724.686
423754.631 663768.179
423731.898 663855.381
423699.035 663812.018
423634.042 663747.162
423690.472 663680.167
423597.834 663710.045
423559.607 663770.580
423514.135 663811.808
423459.216 663773.402
423418.037 663852.593
423395.893 663766.151
423403.990 663837.374
423432.918 663885.662
423398.509 663838.187
423337.788 663805.447
423253.607 663757.937
423216.628 663697.667
423154.902 663705.122
423242.060 663717.938
423218.453 663636.901
423179.198 663715.093
423182.238 663788.731
423172.118 663707.847
423192.205 663756.423
423153.176 663703.865
423196.037 663746.573
423142.765 663784.560
423093.006 663796.912
423076.585 663700.225
423031.988 663672.911
423053.772 663587.849
423081.868 663504.991
423149.119 663474.191
423231.086 663481.744
423266.569 663569.793
423204.019 663596.816
423110.366 663601.413
423107.905 663512.960
423048.967 663532.345
422997.016 663476.472
422936.661 663463.676
423007.037 663470.747
423043.082 663419.611
423117.343 663383.896
423077.174 663328.687
423005.411 663298.812
422960.956 663339.840
423008.334 663293.419
423043.420 663337.342
423125.821 663282.736
423103.961 663334.281
423164.388 663301.935
423113.210 663345.435
423027.333 663302.614
423075.625 663316.375
423026.066 663394.949
423100.031 663412.646
423107.381 663333.622
423042.590 663268.408
422995.418 663344.803
423093.481 663344.274
423098.283 663439.280
423005.909 663435.577
422995.445 663371.896
422924.383 663426.462
422876.330 663447.412
422839.268 663527.162
422847.655 663453.214
422903.600 663435.593
422968.941 663449.304
422987.098 663379.457
423035.955 663449.820
422958.443 663446.949
422873.852 663401.065
422918.451 663431.760
422957.567 663485.142
422879.409 663424.401
422904.245 663368.666
422910.797 663444.707
422860.437 663485.970
422808.866 663542.513
422839.379 663467.561
422835.692 663555.811
422910.996 663504.286
422973.735 663536.591
423041.555 663588.944
422986.924 663637.731
422980.721 663693.370
423010.383 663768.700
422947.855 663808.488
422904.323 663837.019
422961.341 663849.605
422955.562 663753.998
422913.511 663715.997
422980.297 663650.231
423012.998 663580.021
422997.566 663651.730
423036.012 663684.829
423108.646 663653.537
423080.207 663601.028
423139.607 663551.925
423111.157 663488.380
423152.317 663449.939
423096.644 663392.765
423130.337 663343.253
423071.761 663343.079
423071.702 663264.201
423013.346 663230.285
423093.803 663242.953
423178.336 663228.532
423085.808 663210.795
423137.971 663153.551
423193.815 663220.475
423117.443 663244.695
423139.779 663175.891
423188.399 663240.240
423172.591 663294.812
423251.949 663327.801
423316.380 663271.749
423241.842 663236.980
423180.764 663206.103
423202.292 663257.843
423240.123 663209.178
423235.934 663268.353
423166.654 663227.270
423128.749 663297.890
423194.934 663259.633
423143.778 663232.903
423182.057 663304.254
423105.744 663360.814
423194.600 663395.524
423187.781 663331.816
423185.283 663244.950
423142.796 663160.105
423199.247 663159.391
423186.534 663095.057
423259.503 663060.192
423317.455 663040.805
423318.442 662977.037
423253.297 662922.159
423177.545 662939.648
423125.115 662900.953
423046.676 662935.514
423013.284 662851.735
422935.609 662808.214
422893.108 662737.169
422967.838 662768.551
423043.890 662759.678
423031.027 662815.246
423115.318 662862.018
423046.843 662864.279
423084.750 662904.586
423083.412 662993.187
423056.735 662900.824
423064.129 662842.226
423048.481 662772.119
423038.393 662827.864
423065.268 662740.013
422989.518 662751.546
422938.732 662779.288
422888.235 662778.001
422952.552 662785.319
423010.820 662758.586
422982.890 662701.123
423024.656 662630.582
423055.657 662718.369
423043.671 662789.351
423018.725 662736.160
423007.832 662797.708
422962.001 662846.664
422976.415 662787.633
423027.621 662748.021
423062.253 662785.247
423120.384 662724.938
423202.420 662723.425
423118.836 662738.298
423129.384 662834.028
423051.031 662851.338
422963.772 662891.696
422999.418 662958.617
422980.496 662867.344
422997.400 662803.989
423061.481 662827.569
423043.079 662745.155
423116.482 662733.639
423072.617 662675.965
423069.430 662609.009
423027.039 662527.894
423032.994 662467.987
423081.429 662394.948
423057.264 662440.286
423024.497 662531.410
423000.042 662472.042
422959.779 662396.452
423018.915 662441.819
423079.089 662425.819
423003.027 662450.263
423012.620 662507.316
423035.550 662434.210
423106.542 662406.223
423053.979 662336.387
423130.599 662379.446
423082.375 662426.751
423168.052 662413.394
423244.965 662404.306
423300.018 662482.615
423305.376 662575.397
423261.373 662509.534
423296.275 662552.348
423257.085 662505.453
423212.410 662446.764
423138.910 662442.787
423155.454 662347.191
423085.456 662384.272
423030.965 662418.080
422979.982 662395.656
422970.976 662448.780
422935.741 662490.296
422937.697 662552.722
422874.897 662514.139
422857.063 662590.033
422843.548 662664.896
422834.910 662756.233
422815.659 662807.002
422843.696 662872.550
422787.505 662814.367
422736.848 662803.121
422688.933 662868.829
422774.552 662841.543
422820.366 662890.635
422788.184 662812.839
422763.599 662736.893
422815.778 662787.478
422867.684 662729.766
422959.075 662710.189
423001.508 662660.936
423028.618 662595.491
422976.329 662558.252
422975.272 662632.693
423030.897 662675.476
423085.932 662660.622
423059.481 662706.190
423108.621 662672.829
423063.402 662705.566
423054.720 662778.717
423009.884 662816.532
422925.968 662820.811
422991.347 662817.649
422927.329 662789.029
422878.254 662800.092
422864.599 662709.831
422832.573 662644.537
422769.589 662656.924
422698.647 662656.311
422732.922 662746.567
422742.108 662800.806
422702.177 662767.715
422680.174 662820.785
422651.312 662759.054
422596.941 662743.422
422647.052 662680.347
422635.320 662759.205
422654.324 662824.005
422589.453 662813.017
422608.613 662891.420
422542.669 662862.048
422619.638 662876.352
422565.083 662814.787
422508.286 662886.800
422508.068 662835.144
422491.860 662926.567
422464.949 662855.915
422417.051 662823.616
422378.266 662859.240
422351.734 662774.436
422403.169 662713.287
422446.666 662687.344
422472.048 662638.930
422553.450 662659.649
422617.244 662609.329
422569.151 662656.258
422491.255 662662.917
422419.065 662642.929
422397.510 662589.090
422490.248 662588.343
422457.398 662538.994
422380.746 662580.463
422319.581 662598.762
422383.864 662561.665
422415.716 662474.839
422509.224 662475.591
422497.866 662400.889
422443.854 662360.996
422360.770 662411.576
422446.749 662454.617
422482.256 662490.669
422428.002 662537.183
422506.922 662518.661
422548.721 662578.723
422482.441 662529.540
422532.215 662614.222
422605.727 662666.295
422536.168 662685.921
422551.635 662617.429
422501.341 662537.492
422547.773 662601.001
422511.775 662552.492
422466.227 662633.577
422517.034 662624.258
422434.818 662595.774
422390.498 662527.096
422363.771 662569.991
422335.759 662662.956
422371.908 662626.395
422419.537 662668.056
422430.759 662745.110
422513.845 662760.471
422464.417 662781.016
422495.133 662865.562
422463.524 662798.786
422412.939 662742.217
422431.468 662681.897
422500.837 662662.511
422426.740 662655.779
422506.667 662653.232
422454.060 662639.989
422369.907 662677.451
422306.458 662633.108
422347.487 662690.885
422386.819 662741.776
422467.428 662769.446
422518.756 662850.744
422440.108 662791.634
422502.021 662757.338
422529.582 662816.820
422562.348 662857.433
422507.387 662817.235
422525.082 662878.476
422561.754 662821.237
422509.218 662857.205
422550.491 662894.699
422499.966 662938.841
422551.045 662902.938
422626.588 662878.865
422566.920 662921.037
422509.614 662959.844
422489.026 663019.060
422414.318 663019.560
422387.110 663090.094
422412.291 663012.161
422475.619 663052.697
422555.034 663066.266
422591.251 662988.807
422524.162 662999.756
422476.566 663070.036
422509.123 663118.229
422445.313 663142.766
422428.960 663065.991
422412.940 663155.910
422321.387 663169.153
422243.139 663228.340
