782241.938 101913.092
50 10
Suspect0
492193.080 573764.175
492142.471 573794.383
492169.908 573852.514
492171.436 573939.646
492090.633 573924.285
492061.999 573849.204
492070.446 573791.796
492031.826 573712.061
492127.947 573716.584
492131.370 573794.160
Suspect1
879002.863 807649.073
879002.009 807716.572
879056.870 807773.500
879017.738 807733.743
879030.488 807783.823
879091.826 807842.051
879085.742 807893.087
879152.974 807915.481
879113.992 807962.121
879073.919 808040.354
Suspect2
290302.842 62264.256
290265.580 62219.876
290315.752 62149.527
290283.418 62067.321
290219.514 62029.615
290248.724 62121.571
290210.094 62197.956
290270.550 62175.183
290271.825 62225.693
290298.750 62295.632
Suspect3
782045.163 101763.410
782101.492 101838.927
782195.780 101816.997
782251.298 101867.698
782251.674 101870.157
782282.546 101920.254
782244.473 101878.134
782316.343 101874.109
782286.277 101804.113
782197.187 101821.684
Suspect4
119291.953 558300.407
119346.998 558288.134
119298.158 558237.580
119222.830 558264.488
119223.708 558345.558
119173.585 558354.531
119175.333 558287.662
119242.812 558335.872
119300.410 558357.336
119280.455 558298.410
Suspect5
782363.186 101826.378
782341.423 101775.270
782260.731 101775.848
782317.533 101812.319
782327.090 101885.942
782296.906 101969.615
782223.436 102032.004
782223.696 101949.551
782148.450 101889.314
782205.615 101856.767
Suspect6
972433.390 349806.106
972431.365 349899.576
972493.592 349901.159
972555.285 349909.932
972614.995 349932.108
972643.057 349890.251
972584.090 349961.808
972513.988 350006.216
972565.606 349922.774
972655.631 349920.634
Suspect7
733812.848 296225.308
733765.284 296148.730
733673.697 296135.905
733645.708 296090.719
733642.691 296001.078
733588.794 295950.341
733601.911 295884.875
733543.766 295948.828
733464.913 295923.069
733532.182 295930.964
Suspect8
457288.012 960650.401
457213.345 960668.575
457252.835 960633.967
457244.431 960683.347
457168.124 960645.013
457139.417 960595.861
457065.823 960657.900
457070.951 960720.291
456988.023 960741.777
456952.672 960655.995
Suspect9
179846.202 912038.412
179846.521 911979.449
179910.111 912044.389
179850.867 912044.984
179933.905 912095.451
179980.028 912160.795
180023.568 912118.760
180004.779 912070.379
179918.418 912083.811
179960.927 912054.026
Suspect10
255487.479 393434.190
255545.174 393393.096
255497.639 393352.652
255464.605 393278.802
255423.449 393359.877
255331.697 393380.778
255353.918 393330.745
255400.801 393253.598
255391.103 393176.010
255407.389 393273.622
Suspect11
466286.088 943727.512
466258.771 943770.533
466283.830 943833.041
466357.916 943770.438
466415.920 943813.752
466323.446 943807.147
466273.877 943738.163
466278.212 943807.383
466315.532 943716.432
466306.152 943775.249
Suspect12
782321.355 101893.497
782289.157 101841.638
782239.643 101848.940
782277.676 101881.944
782361.995 101859.262
782285.119 101850.404
782342.163 101818.229
782291.459 101874.048
782333.253 101903.312
782361.909 101847.432
Suspect13
618279.673 684541.817
618273.269 684634.911
618217.187 684560.131
618251.017 684607.795
618302.056 684603.637
618352.838 684658.375
618428.545 684692.728
618482.529 684772.915
618486.126 684689.606
618526.510 684610.508
Suspect14
660446.615 619646.628
660535.759 619608.088
660480.170 619555.941
660527.395 619526.193
660582.677 619474.078
660636.249 619462.060
660686.675 619439.045
660624.058 619417.551
660621.888 619358.624
660676.333 619377.802
Suspect15
433018.899 225927.343
433089.134 225905.854
433122.317 225992.224
433190.277 225924.414
433213.812 226009.306
433287.712 225957.109
433224.586 225935.999
433290.435 225896.956
433376.929 225907.443
433299.917 225930.475
Suspect16
27368.273 45701.223
27316.614 45674.854
27382.217 45621.197
27431.201 45599.151
27399.963 45546.275
27447.543 45494.635
27418.946 45539.077
27328.651 45511.958
27257.172 45449.586
27243.588 45375.616
Suspect17
58182.192 123248.559
58181.629 123313.309
58133.668 123391.624
58055.286 123345.896
58050.542 123421.581
58003.986 123467.942
57976.871 123417.325
57977.864 123486.192
58060.222 123452.813
58088.978 123525.256
Suspect18
197368.247 830738.432
197379.869 830824.426
197380.555 830760.731
197389.470 830818.913
197330.972 830836.243
197382.376 830800.369
197307.046 830750.715
197235.633 830698.113
197195.357 830665.068
197241.219 830603.004
Suspect19
302685.692 485822.021
302664.012 485758.636
302579.431 485809.448
302549.957 485849.938
302563.589 485781.906
302650.884 485820.325
302741.659 485831.805
302702.423 485909.341
302756.678 485955.643
302815.892 486002.818
Suspect20
445029.470 221752.831
445098.031 221747.235
445103.087 221809.077
445100.328 221727.177
445118.694 221640.294
445092.569 221718.141
445122.606 221654.697
445033.487 221676.283
445075.244 221609.511
445004.395 221636.827
Suspect21
991689.404 874883.910
991590.703 874877.557
991494.355 874887.309
991427.546 874888.850
991337.149 874876.725
991274.951 874820.586
991271.795 874912.947
991242.647 874822.710
991327.696 874776.158
991336.263 874852.650
Suspect22
782368.486 101962.568
782341.673 102011.652
782354.657 101935.805
782308.032 101899.112
782261.831 101842.699
782165.646 101856.029
782208.865 101887.997
782144.308 101857.716
782082.977 101808.990
782140.907 101866.171
Suspect23
196435.559 894663.937
196429.933 894726.714
196473.757 894682.307
196540.653 894612.136
196491.814 894580.622
196396.854 894601.116
196444.873 894671.787
196500.103 894663.862
196594.623 894691.805
196558.007 894743.030
Suspect24
411227.497 945348.950
411233.467 945419.386
411188.024 945388.284
411123.991 945425.747
411215.229 945446.486
411177.380 945489.706
411237.381 945419.587
411318.904 945390.277
411330.134 945481.014
411372.733 945539.556
Suspect25
769364.485 269677.719
769395.438 269736.152
769427.698 269685.593
769479.100 269653.784
769416.743 269585.157
769448.412 269667.649
769513.734 269652.970
769539.469 269696.628
769590.557 269668.234
769625.334 269712.311
Suspect26
709067.377 177177.848
708997.141 177138.729
709086.360 177157.466
709050.660 177239.975
709129.517 177293.016
709136.961 177376.300
709078.327 177303.334
709055.622 177246.558
709028.107 177155.981
709081.733 177090.142
Suspect27
782029.643 102011.567
782107.225 101980.146
782173.963 101949.490
782205.791 101857.206
782161.801 101881.166
782221.965 101949.240
782291.587 101952.942
782359.271 101924.605
782334.511 101876.672
782273.611 101834.200
Suspect28
475360.140 994990.331
475263.857 994998.521
475349.096 994958.645
475297.334 994996.611
475243.816 994967.449
475280.388 994904.287
475240.491 994823.795
475209.674 994910.346
475241.494 994834.824
475299.079 994765.123
Suspect29
613817.699 254478.857
613756.381 254451.868
613710.529 254374.955
613769.127 254396.183
613722.273 254320.697
613723.386 254258.873
613655.094 254189.954
613678.458 254260.276
613685.372 254201.249
613636.324 254171.243
Suspect30
782110.104 102009.163
782165.169 101961.607
782206.972 101890.012
782224.248 101828.511
782285.320 101821.074
782231.403 101809.838
782150.487 101842.207
782068.770 101876.099
781985.218 101840.953
781900.982 101866.607
Suspect31
782330.825 101887.396
782322.800 101825.732
782289.419 101912.560
782343.893 101946.246
782392.335 101904.669
782372.235 101858.720
782396.885 101779.052
782468.427 101813.181
782462.007 101746.482
782523.814 101754.452
Suspect32
782190.522 101888.448
782234.278 101816.213
782302.867 101879.276
782244.801 101959.021
782306.447 101989.193
782319.893 101907.472
782284.469 101955.821
782219.031 101993.062
782237.481 102054.924
782238.937 102149.016
Suspect33
782302.739 102078.887
782228.391 102109.781
782186.835 102070.920
782224.804 102019.232
782250.398 101959.621
782299.008 101984.597
782264.048 102031.111
782171.736 102035.584
782081.388 102051.081
782112.998 102101.914
Suspect34
344100.759 406352.458
344196.424 406377.331
344147.089 406362.591
344180.792 406284.061
344207.483 406356.888
344149.025 406313.355
344169.812 406363.906
344201.258 406412.935
344208.280 406479.897
344201.082 406397.259
Suspect35
416557.883 426787.793
416517.074 426729.904
416541.642 426675.558
416587.076 426642.484
416531.867 426642.208
416476.475 426719.803
416469.474 426647.041
416390.603 426612.043
416403.326 426532.267
416340.159 426517.425
Suspect36
691664.515 901754.307
691617.750 901668.419
691658.144 901588.171
691743.368 901618.348
691723.495 901532.380
691669.171 901566.101
691724.673 901594.190
691759.426 901555.052
691769.049 901468.660
691701.751 901466.736
Suspect37
729506.598 585938.814
729582.696 585890.165
729518.791 585837.330
729579.420 585912.926
729649.801 585849.620
729628.801 585777.719
729627.867 585691.180
729566.727 585676.387
729562.451 585625.464
729549.788 585562.843
Suspect38
782179.572 101981.564
782224.731 102039.881
782253.556 101981.700
782174.234 101971.987
782168.994 102039.171
782103.915 102025.997
782163.516 101955.329
782200.138 101901.114
782203.111 101964.148
782133.707 101944.317
Suspect39
309798.205 608083.855
309867.292 608016.912
309862.210 608069.475
309909.585 608086.083
309908.867 608001.376
309913.222 608053.194
309934.115 608134.026
309918.130 608079.023
309969.385 608090.349
310049.133 608109.630
Suspect40
54518.792 550287.269
54524.417 550220.204
54450.902 550258.854
54472.176 550321.831
54486.733 550412.549
54507.428 550365.513
54478.207 550320.501
54528.221 550376.185
54521.902 550452.071
54458.114 550378.236
Suspect41
656056.249 635471.084
656129.827 635517.679
656185.216 635437.110
656211.640 635378.460
656287.059 635413.870
656242.101 635466.350
656191.218 635396.512
656196.930 635329.529
656269.732 635304.036
656213.135 635295.465
Suspect42
247159.183 353555.673
247128.068 353642.987
247096.856 353599.666
247059.468 353657.254
247076.216 353582.048
247138.635 353655.902
247222.278 353632.289
247189.665 353691.156
247246.212 353653.124
247311.347 353603.386
Suspect43
999294.913 60896.690
999232.859 60864.266
999200.141 60916.351
999210.852 60973.336
999250.151 60904.729
999289.669 60873.542
999262.598 60967.064
999207.803 60932.435
999251.397 60990.617
999154.811 60992.096
Suspect44
419311.078 69627.044
419341.974 69680.374
419289.850 69701.057
419263.129 69623.149
419316.529 69683.318
419313.224 69598.763
419281.588 69656.529
419342.471 69604.642
419405.557 69607.617
419320.284 69636.045
Suspect45
357946.126 408304.876
357857.243 408338.459
357865.731 408413.606
357929.932 408434.613
357873.732 408438.293
357801.995 408468.727
357756.259 408405.876
357730.207 408449.720
357747.299 408506.286
357679.596 408519.832
Suspect46
681611.181 294704.708
681517.543 294727.163
681567.044 294773.751
681508.170 294809.817
681561.541 294782.064
681531.962 294695.625
681573.636 294763.118
681535.770 294704.086
681443.826 294697.675
681533.879 294693.282
Suspect47
490907.312 251301.900
490961.974 251295.943
490946.512 251221.662
490905.901 251283.290
490880.260 251332.547
490898.981 251282.001
490977.766 251253.236
491033.205 251308.879
491076.614 251355.399
491014.230 251384.102
Suspect48
267971.573 644346.527
267916.883 644293.028
267825.431 644302.260
267863.829 644382.963
267790.069 644439.985
267704.839 644486.197
267731.908 644559.828
267811.195 644536.039
267724.874 644523.617
267729.477 644583.560
Suspect49
782148.882 101604.999
782170.878 101688.573
782135.193 101750.683
782185.468 101826.246
782227.959 101869.163
782277.815 101816.369
782319.257 101883.230
782388.832 101899.480
782421.605 101974.186
782490.248 101909.937
