422446.776 662829.427
1 1000
Suspect0
424150.855 661880.766
424230.975 661903.805
424201.944 661968.111
424153.069 661993.390
424235.171 661986.902
424307.142 661959.310
424291.290 661879.246
424269.806 661958.313
424220.895 661982.932
424131.741 661948.053
424164.708 661907.938
424228.209 661946.422
424189.463 661913.712
424117.094 661914.622
424055.738 661934.753
424049.574 661990.976
423991.699 661980.570
423907.933 661987.248
423946.239 661899.300
424014.526 661932.490
423990.106 661850.424
423917.353 661816.901
423908.372 661884.639
423995.944 661900.700
424084.331 661878.653
424141.974 661882.647
424110.443 661840.544
424112.876 661767.499
424201.584 661786.601
424242.737 661746.771
424261.890 661826.324
424212.105 661796.822
424265.469 661761.524
424182.863 661812.093
424106.763 661834.415
424141.042 661759.257
424195.750 661753.814
424153.559 661683.491
424081.903 661695.782
424019.639 661626.065
423944.993 661656.691
424022.880 661662.712
424111.360 661628.859
424164.973 661616.758
424129.098 661666.184
424055.223 661656.077
424104.768 661614.015
424152.005 661561.790
424055.335 661565.265
424036.021 661658.416
424038.981 661600.822
424066.632 661669.933
424107.823 661627.302
424134.867 661671.841
424036.665 661666.730
423953.857 661624.464
423912.797 661680.279
423863.257 661622.060
423840.436 661560.115
423898.537 661599.702
423966.008 661605.308
423919.933 661567.054
423944.820 661477.232
424027.074 661506.462
424098.516 661542.189
424019.999 661599.087
424022.657 661654.629
424029.703 661562.444
423942.792 661580.559
423907.008 661670.928
423982.639 661626.596
423946.839 661712.288
423885.567 661726.838
423807.326 661757.217
423860.874 661766.045
423812.388 661680.914
423863.807 661649.237
423835.816 661593.138
423800.651 661514.515
423754.389 661489.418
423849.980 661480.083
423918.911 661479.244
423845.672 661436.728
423877.345 661484.344
423815.198 661485.585
423734.332 661454.759
423658.298 661419.871
423702.653 661456.130
423720.798 661503.182
423759.859 661572.483
423842.447 661584.610
423901.511 661570.674
423841.326 661542.809
423907.589 661614.843
423848.932 661688.627
423874.483 661604.021
423940.675 661675.807
423863.653 661635.286
423919.310 661648.021
423907.237 661706.534
423965.146 661776.501
423952.065 661704.563
424002.197 661670.283
424061.552 661704.506
424064.669 661791.033
424050.249 661708.686
424059.210 661651.389
424135.923 661590.778
424056.809 661541.893
424113.254 661557.676
424050.906 661553.332
424003.620 661469.412
424005.157 661539.483
423936.370 661541.443
423981.164 661572.510
424019.846 661505.767
424075.844 661546.805
424011.388 661609.743
423960.052 661644.472
423902.930 661636.757
423808.534 661633.706
423760.295 661680.943
423729.074 661627.267
423776.809 661672.957
423720.714 661746.400
423764.662 661816.199
423818.289 661736.605
423798.157 661681.839
423749.602 661717.517
423769.736 661664.343
423707.181 661696.274
423796.999 661715.640
423853.840 661689.287
423796.542 661683.911
423771.592 661732.450
423692.682 661767.815
423727.203 661830.087
423732.283 661901.828
423806.063 661862.303
423731.597 661897.157
423815.332 661886.079
423850.846 661976.177
423806.464 662003.448
423852.010 662034.200
423855.152 661964.052
423810.927 662022.642
423868.400 662025.582
423816.259 661969.208
423762.866 661928.300
423675.754 661962.311
423633.041 661881.404
423599.179 661923.025
423641.321 661967.895
423730.967 661947.569
423656.841 662004.360
423602.646 662084.815
423506.075 662082.738
423478.085 662138.546
423486.804 662213.905
423488.435 662264.918
423438.296 662229.783
423508.966 662277.587
423431.158 662235.674
423486.905 662306.447
423444.713 662374.850
423492.276 662351.113
423406.224 662387.456
423361.148 662409.286
423289.525 662347.878
423276.764 662276.348
423212.077 662218.744
423282.235 662218.298
423245.999 662274.312
423327.896 662281.652
423373.854 662333.731
423320.627 662401.149
423258.526 662373.699
423238.298 662297.103
423222.238 662378.678
423168.075 662448.974
423127.832 662377.560
423081.673 662338.784
423158.061 662373.618
423113.737 662295.828
423189.763 662327.497
423136.784 662363.601
423216.954 662402.946
423212.914 662462.077
423264.885 662455.719
423346.434 662456.023
423386.005 662416.342
423315.735 662461.461
423344.532 662535.806
423299.380 662559.410
423221.400 662510.798
423312.451 662544.283
423323.237 662466.282
423282.963 662407.700
423306.138 662498.891
423215.690 662465.102
423201.352 662541.223
423278.582 662595.054
423285.476 662517.864
423347.548 662561.701
423401.962 662536.192
423326.200 662490.533
423260.981 662499.339
423226.779 662556.997
423174.873 662493.798
423219.052 662528.563
423122.893 662545.768
423212.239 662572.707
423272.391 662587.986
423214.541 662522.827
423179.465 662452.227
423207.647 662406.603
423239.471 662315.062
423251.376 662262.608
423307.593 662257.876
423324.030 662307.756
423396.658 662267.191
423440.281 662340.523
423490.574 662274.072
423403.307 662301.988
423397.736 662243.572
423336.393 662196.145
423366.263 662124.930
423326.640 662164.925
423388.371 662120.085
423363.317 662037.211
423324.633 661954.630
423268.423 661927.204
423211.335 661908.725
423172.527 661984.164
423134.192 662021.774
423171.274 661968.056
423141.661 662012.610
423210.353 662010.412
423174.177 661967.514
423232.963 662037.468
423248.802 662095.152
423223.140 662138.538
423288.618 662172.408
423324.406 662109.759
423366.808 662075.769
423432.199 662069.612
423402.056 662139.764
423331.034 662164.043
423305.117 662088.510
423249.495 662008.312
423271.709 662080.913
423351.064 662096.497
423400.577 662085.852
423409.910 662157.784
423385.756 662215.300
423402.027 662135.279
423419.771 662214.143
423491.118 662280.918
423507.053 662365.451
423489.951 662305.641
423547.246 662302.111
423559.506 662393.818
423545.530 662462.534
423505.736 662528.188
423541.217 662454.761
423540.831 662539.732
423605.735 662497.721
423632.637 662447.107
423687.100 662385.244
423707.984 662437.517
423660.122 662422.425
423735.002 662395.405
423780.144 662427.416
423764.466 662516.497
423811.220 662467.110
423816.294 662405.550
423855.911 662481.908
423836.110 662405.421
423882.732 662357.836
423951.854 662411.144
423938.148 662479.245
423973.777 662435.090
424045.967 662385.127
424103.258 662389.829
424052.614 662336.631
424092.113 662304.664
424122.384 662232.024
424152.528 662151.602
424109.476 662185.633
424161.578 662173.166
424151.899 662086.505
424081.748 662084.228
424080.363 662134.585
424040.214 662172.307
424070.377 662261.552
424032.694 662197.167
424071.991 662146.813
423993.938 662178.150
423947.369 662141.585
424021.494 662109.464
424043.991 662051.594
424076.069 661988.179
424088.382 662069.019
424132.743 662003.985
424182.990 662037.059
424184.021 661942.823
424180.986 661997.387
424148.107 661946.963
424238.570 661915.444
424230.328 661978.170
424199.842 661928.017
424179.429 662003.023
424110.128 661932.628
424060.745 661970.991
424053.946 661904.494
424017.810 661864.149
423967.836 661820.132
424056.954 661805.789
424013.368 661733.066
424020.412 661664.259
424070.178 661736.244
423973.400 661745.406
423923.423 661722.310
424008.490 661674.691
424029.231 661729.461
424069.775 661780.659
424043.538 661695.856
424089.376 661780.931
424152.252 661838.194
424225.972 661850.520
424273.359 661783.394
424292.290 661861.399
424332.620 661814.928
424392.628 661860.309
424461.013 661919.838
424434.729 661854.305
424428.384 661936.706
424386.249 661991.991
424346.728 661957.952
424423.415 661933.311
424417.146 661872.691
424372.927 661909.063
424375.336 661848.412
424396.822 661938.213
424363.482 661868.042
424363.647 661948.091
424395.912 661988.665
424337.394 662005.690
424365.484 662063.670
424354.080 662145.923
424340.895 662221.014
424270.062 662182.660
424309.009 662122.615
424312.775 662178.865
424231.879 662126.523
424175.710 662068.528
424257.969 662033.381
424295.760 662124.510
424229.511 662123.641
424305.985 662183.828
424352.662 662229.819
424299.662 662209.120
424212.848 662214.134
424191.730 662149.598
424111.310 662184.540
424056.205 662132.455
423967.738 662176.401
424034.789 662143.642
424003.970 662216.225
423981.323 662281.839
423941.413 662244.619
423884.846 662233.664
423933.264 662175.839
423980.478 662138.758
423950.961 662190.897
423887.057 662123.090
423835.615 662080.157
423838.638 662139.749
423829.362 662063.736
423914.745 662039.692
423862.526 662052.382
423791.822 662109.580
423720.055 662106.627
423696.611 662049.375
423652.037 662012.129
423685.728 661943.969
423632.680 661874.489
423605.044 661803.110
423533.034 661756.562
423514.095 661690.568
423563.674 661719.289
423589.563 661812.258
423608.620 661722.992
423658.118 661645.774
423680.825 661740.530
423667.197 661818.290
423732.516 661813.767
423753.208 661891.368
423661.077 661896.158
423608.894 661910.871
423681.736 661878.794
423670.629 661927.668
423626.671 661886.058
423543.829 661834.689
423571.186 661754.264
423491.512 661726.118
423543.002 661732.288
423529.232 661672.809
423564.429 661724.556
423624.627 661659.417
423580.505 661631.915
423525.583 661684.060
423554.214 661640.802
423508.919 661607.834
423602.301 661601.709
423682.286 661546.278
423691.372 661457.330
423676.610 661374.673
423756.589 661322.990
423702.033 661366.987
423656.916 661340.216
423652.074 661416.550
423737.628 661447.044
423653.973 661426.694
423651.708 661375.924
423660.505 661315.491
423693.543 661273.233
423615.303 661268.623
423564.738 661306.088
423574.064 661254.717
423615.854 661283.146
423549.530 661300.257
423598.562 661353.682
423577.309 661421.871
423629.037 661408.731
423541.937 661431.645
423479.399 661423.000
423537.924 661397.132
423542.299 661466.386
423615.838 661401.471
423686.455 661381.430
423718.000 661423.954
423663.767 661353.080
423583.809 661315.509
423570.395 661401.278
423544.849 661358.110
423446.992 661360.992
423448.980 661436.034
423512.373 661486.910
423563.155 661560.443
423572.368 661623.282
423640.859 661660.003
423726.829 661663.461
423675.936 661611.764
423599.987 661617.347
423556.948 661688.998
423549.657 661633.110
423568.885 661694.273
423580.224 661609.154
423517.000 661614.923
423500.948 661688.452
423532.571 661742.559
423565.517 661676.847
423562.625 661757.630
423493.215 661717.401
423436.986 661720.581
423400.117 661790.723
423344.658 661802.913
423382.414 661721.754
423388.681 661774.246
423327.719 661752.256
423278.281 661677.858
423322.830 661649.757
423242.538 661668.014
423330.095 661674.642
423366.285 661602.773
423312.462 661544.587
423286.393 661465.086
423281.086 661518.456
423301.907 661437.228
423287.602 661533.112
423363.965 661486.571
423279.204 661505.485
423332.661 661508.391
423390.173 661489.882
423352.600 661446.938
423343.958 661523.530
423396.789 661453.542
423460.592 661403.852
423464.864 661325.040
423492.986 661370.910
423459.079 661311.411
423424.801 661353.071
423474.135 661344.552
423416.892 661380.352
423456.768 661427.130
423547.106 661413.431
423636.420 661420.597
423702.149 661466.494
423706.688 661409.580
423666.985 661334.771
423727.496 661393.217
423813.361 661396.363
423763.462 661402.672
423689.756 661397.406
423634.687 661432.874
423609.670 661485.842
423598.141 661392.327
423662.417 661413.776
423723.243 661416.308
423679.086 661469.572
423604.657 661465.193
423675.449 661507.014
423692.554 661578.959
423748.412 661499.975
423778.862 661584.681
423842.358 661511.177
423926.384 661521.760
423839.774 661563.084
423865.679 661641.858
423911.701 661713.531
423894.457 661650.780
423835.235 661678.935
423827.059 661608.338
423839.734 661526.458
423780.251 661562.575
423840.707 661594.849
423857.833 661683.284
423804.994 661755.807
423853.029 661692.507
423822.746 661629.216
423862.822 661715.469
423789.132 661674.280
423729.243 661627.512
423671.088 661642.991
423600.457 661600.086
423623.949 661661.759
423557.272 661593.608
423606.668 661617.692
423674.969 661623.502
423656.959 661712.460
423726.385 661675.289
423804.990 661674.621
423849.481 661716.077
423918.866 661657.790
423841.433 661642.543
423812.530 661724.319
423813.910 661803.858
423855.573 661767.318
423853.270 661840.385
423799.449 661838.701
423833.978 661925.273
423743.610 661892.676
423758.081 661828.055
423692.378 661823.407
423611.384 661873.142
423549.231 661889.630
423578.802 661933.438
423633.459 661881.777
423621.356 661947.062
423542.937 661975.190
423521.676 661923.295
423563.068 661871.478
423631.166 661903.336
423692.967 661865.077
423738.785 661797.718
423803.966 661775.910
423846.694 661702.781
423804.556 661626.214
423760.320 661557.566
423814.875 661551.104
423750.745 661612.467
423818.846 661621.791
423770.258 661547.887
423825.661 661510.784
423891.278 661475.312
423946.370 661436.454
423857.529 661464.310
423891.334 661378.218
423904.513 661438.906
423922.015 661487.113
423878.664 661516.862
423922.498 661469.511
423958.113 661550.453
423878.330 661512.445
423943.044 661532.343
423950.260 661592.935
423911.600 661648.759
423822.469 661667.980
423851.088 661717.827
423925.768 661740.286
423879.418 661705.764
423960.951 661727.732
423947.089 661650.748
423992.382 661702.668
424024.681 661742.788
424028.341 661802.482
424124.932 661811.367
424205.578 661823.415
424157.681 661808.779
424142.487 661867.976
424164.950 661771.815
424129.357 661852.532
424069.948 661929.420
424062.367 662007.310
424120.408 662083.696
424065.713 662002.358
424021.156 661944.775
423950.962 661919.031
423888.435 661914.934
423880.096 661841.508
423803.728 661873.384
423747.809 661949.738
423818.415 661932.861
423881.481 661966.864
423961.146 661931.672
423898.119 661934.055
423886.295 661885.325
423854.226 661846.820
423915.156 661811.521
423880.247 661887.948
423809.437 661861.232
423766.710 661938.364
423793.257 661885.822
423761.873 661970.028
423672.798 661952.295
423751.523 661996.788
423716.047 662074.809
423695.235 662015.842
423737.573 662067.791
423809.584 662111.945
423762.215 662166.569
423695.755 662238.400
423763.410 662170.355
423765.676 662239.597
423825.793 662311.416
423773.364 662241.860
423825.217 662196.968
423877.202 662201.306
423852.164 662286.609
423891.998 662222.145
423981.178 662243.534
424022.968 662324.534
423953.414 662394.021
423908.752 662340.966
423890.480 662284.408
423904.084 662356.960
423848.233 662385.790
423851.115 662309.471
423943.138 662310.742
423909.273 662352.865
423988.959 662406.826
423951.547 662460.123
423873.917 662501.308
423834.357 662557.931
423851.279 662465.416
423891.326 662511.212
423956.247 662470.574
423914.264 662394.610
423863.714 662371.850
423834.837 662450.870
423915.062 662424.193
423912.985 662364.851
423961.898 662390.717
423880.197 662370.698
423901.387 662466.691
423932.518 662531.046
423847.592 662564.558
423864.936 662485.091
423882.377 662400.101
423864.847 662492.127
423955.190 662488.003
423915.318 662441.016
423970.257 662441.529
423933.541 662522.422
423855.325 662538.877
423807.192 662568.189
423741.469 662565.630
423740.709 662621.295
423721.699 662527.040
423710.233 662598.948
423790.412 662594.096
423874.942 662549.277
423861.917 662604.243
423948.461 662627.410
423922.737 662565.247
423977.869 662534.697
423939.330 662599.254
423889.127 662600.101
423875.952 662540.950
423816.022 662481.618
423817.626 662430.676
423768.360 662511.304
423752.926 662460.814
423791.970 662509.253
423731.146 662516.183
423777.123 662544.986
423732.401 662590.885
423779.226 662631.809
423747.859 662696.525
423679.300 662631.597
423733.619 662628.504
423691.763 662579.773
423725.945 662505.576
423794.020 662548.761
423849.806 662475.342
423857.585 662403.696
423922.718 662389.591
423858.676 662414.614
423867.510 662493.379
423829.646 662547.425
423856.448 662466.978
423875.661 662408.696
423821.368 662429.215
423878.015 662488.308
423913.067 662558.388
423853.379 662609.386
423932.159 662585.030
423867.113 662619.389
423867.609 662670.525
423882.112 662587.239
423862.597 662524.317
423868.480 662462.669
423783.150 662471.440
423746.329 662425.095
423823.714 662451.506
423801.236 662502.918
423816.684 662570.853
423787.908 662637.510
423872.218 662651.350
423950.445 662641.988
424035.330 662667.741
424047.392 662579.260
424056.486 662484.042
424005.887 662487.497
423973.968 662437.564
424035.793 662402.010
423985.000 662455.986
424052.758 662402.165
424068.673 662331.924
424070.811 662412.804
423996.687 662395.448
424000.288 662446.101
423919.235 662488.640
423915.404 662584.068
423872.107 662514.613
423817.955 662570.161
423755.086 662542.493
423775.851 662633.098
423747.384 662682.473
423813.372 662750.028
423878.738 662748.786
423947.195 662814.895
423897.382 662862.649
423851.333 662925.739
423899.588 662905.924
423966.201 662907.760
424002.961 662871.220
423917.215 662853.923
423851.760 662806.804
423892.778 662754.380
423930.326 662662.822
423991.738 662655.418
424057.516 662619.779
424114.562 662556.119
424094.515 662622.554
424119.950 662555.952
424182.454 662576.008
424195.781 662489.396
424099.165 662490.362
424122.130 662536.585
424073.585 662610.862
424018.620 662627.804
424008.218 662553.742
423935.820 662523.720
423987.114 662504.717
424036.542 662533.739
423998.087 662603.493
424088.106 662603.318
424097.792 662664.131
424030.526 662648.114
424006.173 662711.621
423919.430 662688.525
423876.918 662642.607
423895.860 662550.208
423925.128 662505.175
423876.860 662531.807
423867.412 662463.643
423805.113 662473.767
423847.810 662514.953
423800.422 662463.323
423730.532 662466.780
423780.454 662480.200
423821.430 662556.128
423894.921 662523.942
423955.813 662594.150
424026.159 662537.774
423966.778 662514.164
423911.837 662522.322
424007.244 662531.292
423938.297 662485.300
423968.182 662574.014
423889.201 662547.019
423813.688 662601.545
423869.331 662660.033
423798.242 662602.570
423820.466 662673.703
423859.837 662750.997
423793.296 662709.150
423761.382 662749.210
423699.976 662673.242
423690.299 662597.884
423765.920 662544.591
423713.100 662523.629
423716.922 662451.625
423649.903 662392.762
423594.883 662408.416
423549.462 662362.693
423583.525 662403.392
423573.861 662310.476
423560.442 662233.737
423517.792 662168.251
423475.606 662209.748
423541.298 662274.020
423546.207 662336.629
423575.046 662409.827
423527.835 662363.574
423456.756 662300.676
423380.925 662281.349
423412.992 662330.170
423366.051 662278.882
423412.107 662252.848
423489.009 662214.533
423468.975 662298.708
423470.595 662215.594
423556.066 662165.833
423613.721 662228.600
423574.178 662315.555
423508.137 662245.217
423520.808 662331.159
423505.263 662409.593
423490.714 662338.332
423418.037 662306.212
423392.039 662372.564
423380.961 662289.507
423414.456 662218.531
423438.307 662139.506
423412.471 662093.115
423347.010 662020.058
423285.222 662003.285
423318.658 662045.626
423388.809 662021.318
423348.259 662060.466
423396.608 662099.862
423416.597 662017.702
423498.485 661986.225
423532.276 662064.260
423472.317 662085.611
423530.914 662152.686
423575.664 662094.605
423507.663 662075.622
423547.456 662138.839
423598.229 662142.187
423568.300 662233.029
423548.664 662313.901
423529.673 662402.814
423495.437 662354.025
423541.654 662310.400
423462.612 662336.788
423490.213 662394.104
423487.998 662462.186
423436.731 662534.469
423454.496 662626.637
423436.800 662680.196
423528.989 662690.214
423492.057 662598.516
423450.605 662538.273
423436.159 662478.602
423504.674 662453.982
423451.978 662406.217
423506.525 662385.263
423422.589 662370.898
423488.031 662310.898
423466.238 662358.936
423406.831 662419.781
423378.330 662326.240
423296.678 662328.334
423213.237 662350.674
423165.478 662418.549
423215.773 662346.921
423239.478 662435.107
423246.993 662369.467
423310.927 662380.862
423391.429 662357.936
423370.826 662438.269
423363.037 662383.719
423266.065 662383.301
423265.925 662455.376
423218.980 662416.502
423266.595 662491.836
423174.044 662466.068
423094.514 662447.283
423099.058 662393.481
423109.028 662325.761
423047.542 662401.808
423047.070 662303.726
422993.656 662282.515
423050.084 662257.313
423108.636 662199.682
423061.786 662167.363
423125.449 662217.961
423137.293 662298.774
423062.710 662305.893
422975.200 662315.949
423043.629 662298.171
422985.892 662258.293
422967.366 662333.784
423014.710 662376.191
423074.232 662408.528
423126.401 662442.040
423124.318 662520.809
423060.600 662527.327
423003.126 662499.994
422941.416 662487.380
422980.307 662435.202
423030.661 662466.140
422956.636 662498.429
422904.589 662442.768
422969.790 662458.887
422907.867 662384.752
422929.778 662332.788
422880.595 662400.502
422853.412 662320.696
422809.969 662285.352
422720.032 662306.813
422630.366 662268.892
422700.365 662208.736
422669.231 662292.980
422598.493 662328.878
422583.105 662389.310
422527.993 662389.675
422445.579 662440.724
422486.918 662492.624
422575.715 662524.512
422600.643 662589.509
422646.995 662632.428
422578.355 662639.810
422611.330 662706.171
422577.571 662613.506
422546.495 662684.807
422484.881 662723.527
422570.394 662726.883
422616.119 662657.382
422545.016 662673.852
422526.648 662746.122
422473.298 662772.283
422531.245 662753.415
422595.204 662801.297
422658.668 662816.734
422706.784 662884.780
422654.180 662940.576
422715.379 663009.249
422670.161 662964.807
422623.120 662927.521
422575.636 662986.616
422549.120 663040.863
422494.738 662985.271
422445.545 663000.284
422373.824 662962.435
422337.089 662905.856
422388.653 662836.135
422450.841 662849.553
422509.979 662790.022
422458.989 662782.754
422438.029 662789.340
422493.506 662729.696
422503.979 662675.779
422560.661 662613.034
422572.729 662547.441
422502.992 662483.939
422549.672 662418.661
422551.879 662325.287
422608.879 662365.438
422679.759 662352.259
422753.102 662293.143
422758.465 662198.937
422847.792 662201.341
422945.758 662215.249
422997.966 662288.093
423062.400 662293.816
423118.643 662349.209
423130.675 662424.067
423174.670 662375.325
423197.869 662470.270
423152.098 662391.165
423210.089 662333.026
423293.870 662380.174
423260.253 662430.610
423200.956 662495.802
423103.712 662506.937
