451993.341 332612.931
2 500
Suspect0
453148.912 331316.496
453086.264 331353.217
453029.230 331341.211
452983.320 331312.786
453068.596 331326.342
453076.020 331390.181
453030.156 331304.396
453026.794 331235.904
453108.574 331264.176
453114.557 331205.531
453124.737 331133.121
453101.589 331185.727
453177.047 331206.116
453209.534 331167.220
453300.420 331165.713
453273.694 331074.581
453198.305 331098.619
453158.655 331037.175
453204.880 331009.220
453234.118 330920.760
453151.831 330969.878
453231.670 330966.110
453315.227 330942.298
453340.166 330870.989
453313.813 330917.372
453253.595 330896.266
453177.507 330879.609
453145.778 330924.426
453224.295 330944.921
453230.299 331012.170
453298.693 331002.005
453378.551 330986.378
453325.107 331030.667
453304.769 331123.234
453310.028 331027.996
453341.129 331077.120
453318.562 331142.325
453374.538 331211.197
453358.679 331116.625
453298.028 331102.198
453245.241 331038.657
453288.473 331079.917
453298.675 331173.877
453339.389 331132.394
453283.180 331155.228
453261.246 331215.569
453192.944 331234.817
453250.443 331239.622
453188.023 331311.239
453164.559 331400.121
453167.585 331486.142
453242.176 331449.324
453169.513 331483.547
453136.663 331412.200
453123.909 331470.526
453054.989 331507.709
453015.875 331584.361
452943.531 331605.667
452861.367 331611.548
452854.945 331689.689
452937.876 331641.049
452869.642 331593.373
452908.731 331505.777
452899.958 331429.083
452898.080 331339.412
452836.474 331265.064
452929.207 331251.353
452974.088 331197.191
452918.764 331145.518
453003.738 331135.349
452979.070 331046.358
453036.607 330988.256
452990.705 330967.746
453053.532 331039.186
452994.872 331002.171
452922.010 330950.738
452938.665 330900.489
452921.013 330962.663
452857.570 330922.315
452891.593 330859.604
452823.822 330877.251
452856.246 330822.833
452865.000 330771.675
452931.056 330751.860
452945.578 330834.945
452906.592 330765.672
452977.058 330725.308
452955.124 330786.875
453020.477 330852.141
452942.499 330827.529
453007.402 330780.031
453098.727 330798.507
453143.566 330852.057
453145.155 330796.643
453180.308 330873.895
453125.537 330876.404
453081.268 330936.479
453084.518 330866.503
453071.446 330805.759
453000.807 330842.147
453018.222 330794.415
453026.723 330738.611
453101.830 330759.799
453021.049 330810.899
452972.958 330883.163
452940.870 330934.602
452862.945 330926.163
452817.892 330957.243
452896.644 330959.608
452879.993 331046.583
452925.238 330978.581
452884.275 331067.283
452914.437 331007.864
452909.142 330918.922
452851.590 330961.357
452913.568 330940.765
452973.043 330980.226
453040.688 331047.762
453105.583 331054.004
453096.439 330983.917
453023.371 331034.101
453075.064 331079.369
453100.069 331138.242
453172.300 331191.122
453237.474 331221.228
453286.635 331276.224
453358.171 331218.786
453293.516 331224.081
453273.863 331132.582
453328.404 331096.417
453276.161 331097.433
453319.796 331158.822
453350.068 331204.278
453434.474 331197.682
453370.162 331240.265
453297.208 331269.628
453336.742 331196.791
453280.985 331234.303
453194.732 331260.511
453233.385 331328.685
453159.633 331373.288
453193.649 331286.702
453220.835 331349.874
453242.292 331399.172
453182.836 331430.838
453181.389 331375.195
453087.883 331354.721
453042.325 331425.455
453091.360 331361.946
453183.684 331339.681
453096.948 331319.042
453029.206 331364.478
453038.475 331453.096
453080.946 331407.687
453162.811 331451.160
453127.206 331382.394
453082.095 331350.765
453014.507 331328.967
453045.614 331279.520
453033.469 331338.583
453017.422 331432.730
453097.923 331404.435
453166.134 331367.555
453076.127 331368.828
452992.988 331355.620
453050.891 331414.403
453076.653 331354.277
453023.633 331359.122
452984.671 331431.767
452982.680 331341.195
452955.391 331270.306
452931.812 331319.528
452992.929 331308.502
453064.461 331370.884
453087.780 331448.328
453082.893 331546.275
453120.214 331627.872
453053.359 331637.902
453058.808 331707.759
452981.184 331702.164
453065.477 331658.453
452983.576 331699.053
452949.400 331757.989
453021.285 331792.949
453054.979 331858.423
452989.448 331829.751
452971.886 331766.167
452943.603 331839.911
452945.811 331909.147
452964.161 331851.547
453029.650 331887.667
452970.744 331948.667
452898.507 331956.827
452964.998 331917.822
452974.400 331837.316
452929.139 331756.874
452851.164 331802.228
452815.663 331871.218
452801.327 331787.319
452866.843 331738.846
452844.825 331688.959
452894.285 331725.751
452819.367 331736.489
452742.438 331765.062
452712.611 331858.747
452694.457 331796.110
452726.186 331889.175
452796.279 331935.546
452842.520 331967.238
452937.058 331988.665
452914.285 332084.585
452854.141 332135.136
452800.809 332165.947
452769.615 332084.019
452773.339 332149.424
452844.905 332192.778
452807.161 332230.913
452735.613 332191.018
452712.324 332111.754
452640.771 332109.270
452638.631 332190.339
452635.666 332269.448
452683.386 332247.358
452692.184 332178.793
452752.099 332129.297
452702.863 332076.482
452745.397 332103.288
452763.053 332179.152
452843.569 332223.342
452898.467 332204.181
452945.805 332249.851
452887.658 332270.396
452848.382 332311.923
452884.125 332353.248
452938.911 332392.822
452978.911 332342.739
452992.950 332278.959
453059.934 332264.919
453051.819 332318.508
452967.092 332284.356
452946.257 332335.633
452886.714 332292.608
452874.367 332360.172
452963.770 332384.676
452966.734 332436.708
452901.711 332455.981
452931.246 332513.814
453020.205 332527.425
452972.087 332452.614
452876.913 332443.472
452860.060 332507.082
452832.546 332580.562
452796.189 332498.834
452715.853 332517.177
452794.944 332548.895
452740.508 332507.418
452733.802 332600.373
452720.492 332679.896
452695.291 332758.975
452650.478 332716.369
452575.185 332657.510
452606.350 332712.766
452546.350 332651.038
452599.313 332615.992
452550.122 332585.069
452631.946 332602.510
452714.766 332594.790
452731.387 332686.146
452701.217 332622.919
452701.935 332563.997
452613.024 332600.721
452542.510 332626.937
452552.415 332692.276
452625.341 332697.396
452614.116 332638.479
452598.305 332730.186
452629.228 332809.591
452542.608 332796.329
452556.324 332880.322
452548.828 332947.677
452507.502 332904.852
452522.949 332831.109
452471.242 332883.860
452518.961 332842.968
452425.817 332842.847
452416.449 332760.445
452353.920 332723.522
452338.119 332667.053
452282.149 332586.977
452365.251 332587.676
452357.359 332648.292
452417.126 332610.270
452479.827 332616.412
452412.020 332577.731
452325.591 332534.358
452287.908 332468.822
452224.670 332544.716
452305.786 332594.038
452326.385 332519.761
452396.503 332589.328
452425.982 332664.695
452494.119 332652.662
452469.621 332593.039
452523.738 332601.908
452461.328 332567.835
452415.825 332614.632
452463.736 332661.666
452473.079 332721.259
452564.223 332744.871
452501.523 332777.909
452498.363 332679.342
452421.041 332620.962
452419.179 332546.582
452441.655 332627.162
452394.245 332572.771
452434.726 332626.690
452408.249 332574.205
452393.359 332481.024
452437.028 332549.364
452453.706 332623.230
452371.366 332617.444
452299.002 332612.574
452245.207 332638.141
452258.919 332723.674
452211.760 332781.685
452228.728 332710.365
452292.928 332764.748
452257.314 332853.571
452208.599 332808.881
452192.009 332863.578
452101.269 332859.360
452063.217 332780.149
451982.177 332737.710
452000.886 332789.730
452074.777 332851.679
452054.667 332798.768
451983.691 332776.343
451950.641 332735.964
452003.632 332774.874
452072.101 332748.598
452012.906 332679.985
452107.281 332664.239
452013.630 332692.543
452039.003 332630.999
451949.373 332666.954
451888.925 332615.712
451825.263 332542.696
451803.381 332598.200
451788.767 332681.539
451858.070 332708.897
451917.132 332738.778
451950.470 332790.026
451957.639 332721.730
451906.809 332641.144
451946.178 332584.467
451867.390 332622.005
451885.205 332571.757
451981.937 332559.584
451956.095 332643.251
451971.687 332715.688
451954.577 332765.097
452004.972 332752.869
451932.656 332738.248
451996.755 332794.278
452002.804 332882.406
452010.218 332967.191
452065.149 332958.191
452007.953 332951.774
452045.359 332893.636
452057.079 332953.714
451981.932 332974.985
452038.417 332974.018
452121.932 332971.231
452196.118 332915.322
452133.909 332907.359
452127.192 332966.727
452149.333 333020.032
452100.059 333047.274
452160.539 333001.360
452089.566 332996.741
452021.322 332967.283
452073.568 332929.098
452024.260 332998.910
452071.262 333016.215
452138.079 332983.332
452229.732 333013.747
452198.902 333067.361
452171.464 332983.162
452164.902 332909.651
452096.515 332886.145
452121.914 332949.965
452153.372 332992.551
452078.456 333013.209
452067.770 333082.116
452087.302 332988.267
452033.219 333044.195
452060.937 332982.094
452062.577 332896.317
452099.542 332816.756
452149.045 332759.517
452161.894 332706.933
452078.600 332677.785
452061.287 332768.252
452120.587 332797.315
452046.567 332858.505
451977.776 332905.659
451939.198 332840.576
451888.514 332832.134
451835.958 332784.200
451840.952 332869.919
451931.745 332870.731
451859.659 332927.624
451944.490 332974.604
451863.664 332950.962
451893.222 332887.046
451827.432 332883.017
451866.826 332956.790
451823.491 332915.590
451766.758 332903.749
451830.553 332963.330
451879.353 332891.412
451847.410 332818.962
451917.877 332791.686
451954.721 332743.569
451930.693 332797.211
451975.004 332770.029
451989.692 332701.074
451971.777 332647.222
451998.461 332586.550
452041.581 332615.809
452060.748 332687.067
452034.262 332744.354
451972.901 332728.390
452027.837 332766.823
451968.100 332765.038
451929.613 332831.749
451980.996 332801.057
451971.137 332857.056
451889.510 332849.180
451941.684 332841.142
452014.794 332879.910
452035.214 332803.667
452047.752 332715.659
452095.889 332638.752
452061.754 332555.869
452112.309 332524.923
452149.955 332602.499
452121.691 332515.706
452059.134 332513.973
451999.378 332450.879
452047.814 332404.076
452021.567 332318.492
451955.890 332277.870
452035.234 332306.472
451966.699 332374.411
451983.611 332304.400
451938.858 332280.508
451978.223 332203.504
452033.878 332149.362
452083.371 332233.645
452053.685 332187.669
452111.843 332150.578
452174.659 332194.359
452240.121 332137.269
452311.836 332178.012
452219.351 332169.235
452285.769 332178.383
452311.037 332107.871
452259.622 332172.837
452333.975 332174.377
452272.808 332242.081
452197.343 332242.893
452141.926 332255.148
452210.253 332255.724
452193.004 332185.017
452263.702 332149.004
452255.047 332076.298
452294.195 332117.374
452245.413 332099.216
452316.114 332038.914
452345.298 332107.145
452401.719 332113.844
452414.330 332057.508
452346.112 332011.623
452267.404 331979.956
452216.830 331960.803
452207.139 332025.682
452270.958 331958.381
452263.765 332043.748
452202.838 332036.237
452158.544 331985.855
452200.574 331902.589
452285.588 331872.614
452363.064 331883.398
452319.385 331957.671
452402.273 331962.618
452352.446 331949.880
452273.430 331961.132
452225.631 331880.757
452158.786 331931.563
Suspect1
359091.026 611243.714
359162.675 611230.322
359105.209 611299.913
359047.732 611315.515
359118.411 611356.186
359169.817 611288.587
359222.829 611294.034
359183.978 611240.438
359165.076 611160.710
359148.561 611211.642
359191.416 611138.046
359137.583 611121.711
359193.803 611136.233
359144.170 611172.577
359212.458 611150.509
359150.376 611191.604
359133.727 611143.438
359204.363 611113.923
359238.261 611069.031
359279.042 610995.774
359315.900 610959.668
359346.168 611005.885
359358.348 610944.736
359373.331 610877.458
359310.735 610910.375
359349.616 610953.598
359309.658 610886.235
359335.901 610805.166
359304.414 610731.947
359279.739 610670.705
359332.748 610612.792
359399.060 610579.774
359470.244 610595.043
359537.853 610641.197
359532.896 610710.658
359522.158 610767.514
359554.333 610832.879
359639.775 610824.735
359591.570 610865.738
359590.115 610934.150
359565.317 610878.167
359584.488 610935.587
359581.440 610851.419
359577.138 610794.866
359539.162 610854.264
359469.393 610845.242
359382.818 610874.962
359464.151 610831.989
359462.266 610885.268
359365.016 610882.233
359396.271 610793.921
359302.912 610785.087
359347.811 610713.780
359400.185 610649.225
359339.128 610627.059
359274.608 610644.218
359358.886 610680.763
359404.294 610704.823
359430.169 610643.005
359373.435 610649.412
359318.305 610573.500
359286.131 610665.684
359344.562 610650.548
359427.907 610684.080
359483.895 610703.632
359405.039 610646.862
359482.620 610661.806
359435.930 610615.724
359387.380 610636.663
359442.007 610680.139
359395.446 610747.309
359477.732 610797.800
359529.936 610787.578
359554.104 610694.881
359484.122 610732.753
359540.692 610750.344
359582.883 610814.548
359572.973 610754.800
359512.381 610796.474
359532.936 610888.410
359604.504 610905.678
359644.817 610947.624
359573.932 610903.180
359635.011 610869.066
359587.417 610891.350
359521.508 610830.504
359521.114 610757.656
359529.540 610698.260
359473.729 610646.667
359435.710 610689.869
359404.497 610753.848
359434.495 610689.485
359486.641 610731.299
359550.062 610793.549
359532.371 610711.779
359533.734 610645.493
359491.005 610701.932
359457.285 610748.284
359456.927 610810.707
359521.324 610825.601
359474.675 610786.351
359517.887 610723.956
359428.027 610718.034
359498.307 610718.743
359469.792 610813.068
359428.683 610755.667
359465.353 610790.384
359458.293 610840.745
359399.378 610841.519
359457.577 610903.662
359470.941 610988.198
359540.433 611023.415
359486.575 611008.380
359399.715 611022.215
359426.335 611076.364
359411.935 611141.945
359416.777 611079.355
359485.322 611107.880
359503.400 611200.589
359489.813 611269.375
359532.386 611198.058
359461.235 611256.091
359493.912 611311.907
359570.276 611285.794
359511.209 611340.789
359436.441 611322.871
359396.195 611369.969
359349.948 611405.930
359315.776 611348.475
359263.880 611414.751
359193.316 611441.767
359197.388 611540.306
359141.048 611503.813
359198.436 611438.461
359147.471 611377.247
359098.970 611363.083
359038.284 611439.514
358985.675 611427.670
358955.729 611339.763
358928.346 611285.114
358848.021 611332.994
358764.850 611369.411
358700.848 611309.134
358719.836 611216.949
358666.808 611143.525
358616.379 611166.520
358641.759 611089.191
358587.690 611042.827
358661.733 610994.648
358729.851 610961.794
358713.980 611019.778
358749.782 610941.607
358745.812 611008.485
358775.033 610934.249
358779.044 611033.030
358831.894 611050.567
358805.344 611005.082
358729.488 610959.879
358732.274 610903.784
358684.089 610921.194
358764.346 610880.766
358840.236 610839.612
358825.980 610780.721
358804.533 610834.406
358890.117 610861.892
358964.035 610868.709
358945.798 610938.151
359007.611 611000.338
358934.760 611019.004
358864.556 611003.836
358857.452 611099.614
358891.856 611148.276
358850.692 611081.905
358906.671 611104.538
358902.997 611155.541
358893.889 611251.629
358881.919 611342.047
358878.147 611396.746
358837.973 611363.788
358878.164 611280.283
358796.069 611249.645
358807.932 611318.341
358731.452 611359.823
358697.776 611311.181
358765.371 611249.109
358728.143 611158.646
358803.427 611177.280
358729.346 611168.365
358693.137 611077.095
358756.775 611134.311
358850.316 611165.296
358806.207 611138.435
358888.148 611103.888
358920.210 611011.792
358866.111 611042.330
358889.263 610964.648
358944.440 611006.458
358853.898 611008.444
358766.382 611021.832
358802.854 611081.694
358821.551 611131.983
358828.379 611185.405
358856.701 611136.209
358787.064 611205.400
358730.821 611280.528
358705.683 611332.031
358637.059 611359.973
358635.824 611443.777
358695.372 611446.376
358697.106 611388.145
358655.125 611465.015
358706.707 611427.266
358671.329 611363.494
358626.042 611406.954
358656.766 611357.727
358599.595 611281.371
358616.816 611226.803
358578.096 611163.118
358567.934 611233.306
358628.572 611278.687
358588.149 611324.190
358644.852 611303.333
358610.995 611359.434
358675.430 611303.309
358761.765 611311.607
358709.791 611367.100
358731.274 611320.765
358776.669 611291.633
358857.779 611276.723
358927.456 611282.997
358897.477 611351.311
358898.350 611413.781
358962.826 611447.061
359007.501 611388.716
359057.595 611388.521
359117.282 611373.632
359054.917 611319.630
358988.412 611287.311
358975.244 611227.940
358888.483 611267.042
358908.348 611214.032
358862.862 611250.108
358943.847 611204.266
359017.137 611235.774
359070.750 611296.932
358997.591 611343.751
359013.699 611424.895
358964.914 611456.135
359006.364 611410.065
359071.446 611456.753
358988.197 611421.588
359076.610 611462.146
359008.987 611484.773
359087.170 611485.709
359053.299 611568.756
359141.254 611535.755
359111.732 611492.341
359113.314 611396.230
359103.833 611305.128
359055.261 611222.788
359006.590 611172.215
359068.395 611144.048
359047.991 611083.035
359031.842 611136.936
359045.143 611197.271
358953.095 611232.287
358905.105 611209.133
358865.136 611172.079
358867.673 611234.293
358817.879 611291.713
358746.469 611248.666
358701.146 611211.530
358647.322 611159.248
358585.091 611159.170
358599.789 611234.101
358686.132 611186.012
358598.838 611227.454
358687.192 611268.139
358651.300 611335.353
358600.729 611351.301
358549.907 611413.535
358553.650 611490.168
358605.842 611518.709
358557.179 611578.143
358584.051 611650.380
358506.732 611649.393
358588.379 611612.446
358660.747 611637.144
358690.280 611699.358
358788.629 611702.939
358811.042 611766.051
358872.979 611782.847
358822.325 611795.155
358767.311 611821.194
358817.351 611799.464
358800.539 611738.657
358856.505 611726.176
358940.699 611721.153
358944.555 611784.738
358924.112 611835.332
358857.872 611908.593
358782.414 611849.275
358821.922 611892.910
358871.974 611830.016
358926.769 611853.395
358854.429 611906.710
358803.359 611858.023
358735.849 611804.966
358728.528 611873.819
358794.426 611875.069
358765.227 611808.186
358718.131 611875.639
358660.381 611819.878
358616.433 611862.242
358641.916 611936.915
358639.554 611845.190
358698.010 611848.583
358749.454 611880.858
358825.464 611916.209
358771.443 611982.916
358724.736 612016.974
358719.004 612098.059
358788.858 612157.224
358848.223 612226.443
358937.024 612184.767
358889.608 612110.000
358826.644 612147.922
358765.872 612141.416
358700.477 612106.152
358648.997 612062.218
358656.647 612131.536
358611.395 612161.273
358678.273 612205.000
358662.580 612124.977
358635.350 612067.937
358592.786 611980.253
358661.780 612006.160
358599.598 611977.414
358586.523 611923.246
358641.449 611911.122
358636.030 611994.037
358699.079 611953.967
358710.806 612003.579
358776.463 611946.462
358766.053 611854.860
358825.343 611849.829
358854.863 611895.325
358915.313 611890.051
358987.852 611955.783
359079.026 611954.570
359111.729 612009.206
359188.301 612014.256
359176.405 612108.022
359248.674 612044.356
359326.138 611999.372
359287.866 612077.464
359299.682 612130.025
359343.758 612099.884
359340.384 612153.499
359257.639 612122.075
359310.038 612064.726
359288.292 612004.923
359357.472 611990.302
359388.198 611943.388
359427.611 612011.602
359449.825 611927.544
359395.656 611945.741
359433.078 612003.576
359358.510 612004.155
359382.458 611933.516
359453.331 611903.876
359427.409 611837.394
359355.061 611799.784
359332.172 611737.865
359412.483 611681.074
359423.187 611771.277
359471.518 611837.452
359531.988 611793.436
359522.006 611735.314
359603.126 611725.013
359618.520 611778.730
359641.853 611866.427
359688.836 611825.589
359647.287 611913.387
359566.212 611890.111
359501.773 611818.088
359510.204 611877.709
359445.707 611923.384
359482.998 611888.415
359475.399 611829.848
359572.173 611823.540
359502.239 611764.073
359534.393 611723.979
359592.343 611743.927
359568.712 611650.102
359559.932 611718.543
359506.785 611659.269
359499.454 611587.235
359509.499 611639.384
359558.484 611688.168
359626.995 611646.964
359574.131 611712.028
359573.224 611779.650
359486.628 611787.682
359416.486 611742.782
359356.564 611685.293
359269.046 611708.206
359355.527 611751.758
359305.993 611799.375
359227.657 611820.890
359256.386 611767.769
359332.510 611729.439
359402.527 611771.876
359338.070 611722.529
359356.068 611648.384
359432.266 611605.030
359362.306 611636.465
359391.917 611562.775
359294.624 611559.532
359301.011 611499.351
359216.060 611484.196
359255.269 611533.075
359281.953 611579.056
359220.169 611549.942
359157.310 611573.444
359214.984 611609.584
359222.082 611691.037
359231.136 611744.035
359135.764 611750.875
359046.985 611786.226
359132.657 611777.381
359106.257 611860.909
359175.233 611918.857
359221.288 611964.237
359235.242 611899.081
359254.550 611992.788
359201.539 611977.232
359132.816 611985.545
359184.484 611975.109
359206.346 611894.921
359135.932 611829.839
359099.691 611770.881
359101.434 611857.325
359028.525 611867.821
358971.454 611943.384
359028.943 612000.904
359112.625 611980.588
359173.482 611940.130
359169.623 612028.954
359097.961 612067.084
359079.584 612003.136
359000.528 611976.008
358914.568 612001.023
358913.901 611934.724
358987.962 611962.770
358935.006 611931.451
358991.780 611948.146
359044.859 611929.904
358966.494 611941.743
358960.249 612007.285
358913.992 612085.586
358971.104 612061.905
358900.537 612011.464
358830.370 612031.507
358861.805 611981.984
358868.084 611910.691
358778.709 611920.820
358843.171 611955.695
358865.328 612032.058
358859.133 611972.717
358779.882 611949.807
358703.611 611891.174
358654.312 611915.570
358607.240 611991.715
358615.830 612090.082
358670.989 612049.474
358765.459 612069.330
358813.531 612045.765
358789.044 611974.397
358848.070 611982.624
358908.410 612030.768
358870.785 612095.946
358931.681 612070.712
358948.040 612014.243
358915.847 612099.958
358968.581 612064.709
358950.378 612133.262
358957.692 612191.383
358947.209 612280.309
358920.182 612231.484
358956.529 612309.766
358988.614 612354.088
359083.984 612378.951
359024.067 612360.007
358932.296 612391.112
358865.888 612354.911
358809.668 612374.810
358878.947 612311.877
358888.764 612259.583
358883.499 612187.524
