716226.305 295582.926
500 4
Suspect0
108773.437 480126.038
108699.399 480099.360
108649.088 480056.535
108703.379 480045.870
Suspect1
354626.633 995232.884
354674.941 995267.614
354642.223 995350.733
354692.235 995378.802
Suspect2
895477.378 984944.712
895552.734 984980.652
895501.992 984946.216
895421.158 984894.791
Suspect3
300839.916 438801.277
300789.303 438813.623
300873.610 438847.580
300810.629 438864.972
Suspect4
387822.927 635175.122
387874.052 635213.610
387927.919 635214.540
387972.046 635190.665
Suspect5
362985.697 902922.657
363064.866 902881.776
363043.622 902937.377
363053.055 903014.850
Suspect6
280946.396 183351.262
280939.645 183295.188
281000.742 183334.137
281075.281 183327.644
Suspect7
815059.871 330987.977
815041.888 331044.942
815133.454 331030.866
815206.421 330975.119
Suspect8
454486.594 457227.507
454515.953 457272.615
454458.807 457296.523
454498.623 457222.913
Suspect9
67096.630 540329.543
67023.193 540356.466
67027.614 540416.311
67119.047 540422.144
Suspect10
792580.073 675963.963
792493.233 675943.139
792439.336 675861.806
792505.633 675901.685
Suspect11
641496.070 86553.374
641448.604 86587.353
641367.414 86544.600
641452.016 86518.112
Suspect12
91450.052 923038.744
91531.361 923053.132
91600.302 922983.680
91661.222 922945.246
Suspect13
147186.170 824978.356
147251.929 825009.311
147322.574 824957.953
147255.236 824920.343
Suspect14
920134.124 952133.196
920097.991 952220.325
920042.804 952234.535
920126.760 952231.114
Suspect15
508019.255 976105.860
508090.884 976095.893
508108.380 976002.609
508140.710 975914.962
Suspect16
92058.738 618893.041
92110.010 618856.480
92191.433 618876.835
92267.903 618840.066
Suspect17
13040.957 949542.618
12971.502 949563.692
13025.502 949498.125
12971.546 949545.760
Suspect18
611700.726 637981.914
611745.301 637922.724
611775.809 637976.009
611830.227 638006.345
Suspect19
314393.495 582703.979
314353.810 582613.721
314401.712 582665.630
314335.453 582601.696
Suspect20
859795.044 784845.848
859842.352 784900.695
859931.047 784860.127
859994.648 784853.343
Suspect21
839760.454 600882.541
839846.268 600856.222
839921.399 600884.128
839986.294 600822.339
Suspect22
716255.526 295451.598
716206.041 295519.300
716269.322 295574.111
716195.762 295562.353
Suspect23
875945.829 48185.660
875963.600 48275.671
875896.938 48301.211
875865.421 48249.908
Suspect24
708870.525 522724.193
708940.601 522722.038
708900.431 522781.747
708872.611 522831.181
Suspect25
652224.598 92269.172
652275.886 92238.143
652283.429 92171.740
652221.647 92191.572
Suspect26
641787.909 374346.664
641707.512 374363.194
641798.392 374370.507
641878.891 374377.733
Suspect27
98387.799 965646.926
98370.755 965567.764
98437.342 965626.767
98398.662 965684.704
Suspect28
185416.859 433974.146
185485.974 434023.733
185498.634 433974.613
185497.745 433923.681
Suspect29
939719.329 181182.952
939708.139 181253.807
939779.980 181315.034
939705.271 181335.120
Suspect30
718340.894 342750.697
718313.765 342688.160
718390.385 342646.766
718435.290 342686.873
Suspect31
210783.067 155724.138
210871.353 155753.629
210836.731 155696.066
210902.157 155713.786
Suspect32
179647.926 989742.438
179565.291 989757.870
179603.515 989821.318
179619.018 989916.191
Suspect33
356684.350 851059.416
356739.086 851064.951
356779.673 851114.328
356839.589 851099.645
Suspect34
846052.639 244200.598
846037.146 244144.634
845947.125 244168.661
845850.028 244178.365
Suspect35
592825.670 21025.173
592780.875 21000.070
592855.847 20970.445
592865.100 21022.537
Suspect36
716300.107 295618.265
716268.499 295571.712
716259.911 295600.694
716252.353 295674.198
Suspect37
732243.657 352703.378
732318.373 352650.311
732330.570 352595.745
732305.970 352664.490
Suspect38
111710.732 992679.587
111791.170 992729.475
111782.034 992659.638
111793.199 992599.260
Suspect39
392346.586 507244.730
392387.518 507190.494
392341.468 507129.671
392408.898 507104.630
Suspect40
716307.840 295574.486
716238.288 295538.728
716243.063 295546.793
716240.225 295637.590
Suspect41
3429.840 145415.361
3370.058 145467.878
3411.506 145407.218
3343.276 145407.512
Suspect42
655146.402 446555.407
655082.024 446491.865
655063.977 446432.436
654969.112 446456.742
Suspect43
468089.763 3022.092
468036.271 3004.461
468103.992 3010.843
468170.630 3043.310
Suspect44
96957.851 243389.991
96868.796 243359.253
96881.475 243417.667
96893.544 243364.195
Suspect45
124377.540 500721.392
124399.615 500666.200
124441.051 500621.460
124473.144 500677.951
Suspect46
295567.182 288710.734
295624.120 288651.229
295678.319 288624.007
295749.046 288619.959
Suspect47
701055.944 977015.148
701066.475 976965.525
701085.178 977029.156
701059.486 977077.464
Suspect48
938905.168 960018.555
938815.425 960040.692
938768.480 959985.145
938725.176 959913.947
Suspect49
260511.978 704263.858
260502.560 704331.289
260560.770 704389.556
260525.728 704305.427
Suspect50
107944.268 340662.540
107884.622 340638.066
107873.059 340695.582
107923.055 340707.730
Suspect51
675331.411 676168.733
675257.628 676166.580
675313.898 676193.987
675355.485 676230.426
Suspect52
542852.135 657818.845
542802.547 657762.657
542886.311 657815.195
542831.171 657760.269
Suspect53
943886.546 85066.303
943845.805 84988.311
943818.906 85039.963
943789.051 85132.791
Suspect54
122224.305 44888.193
122292.271 44907.311
122269.039 44959.657
122223.914 45036.442
Suspect55
43192.480 838140.084
43238.608 838099.615
43234.007 838035.300
43184.538 838063.039
Suspect56
551549.919 878908.487
551545.317 878809.641
551592.173 878785.307
551518.246 878775.030
Suspect57
975588.213 335270.382
975614.833 335196.907
975645.885 335250.159
975699.248 335280.304
Suspect58
333072.516 504480.390
333106.339 504428.251
333057.002 504490.451
333042.613 504421.677
Suspect59
306045.831 990416.278
306074.997 990328.465
306048.942 990379.188
305986.088 990387.562
Suspect60
632805.977 844840.136
632755.426 844867.148
632806.874 844948.788
632802.672 844889.783
Suspect61
118675.778 628041.252
118736.549 628092.724
118689.297 628110.484
118693.736 628192.026
Suspect62
489036.936 543281.034
488995.040 543237.920
489046.070 543309.269
489045.759 543389.888
Suspect63
581969.307 384159.056
582047.058 384154.426
582116.791 384170.508
582206.466 384144.429
Suspect64
190697.433 777441.637
190783.544 777404.280
190814.156 777315.432
190899.123 777279.527
Suspect65
418327.694 249225.607
418256.790 249270.037
418181.456 249268.623
418117.959 249314.302
Suspect66
716166.837 295555.027
716205.151 295483.279
716191.916 295570.183
716258.709 295587.239
Suspect67
21590.574 990880.827
21649.428 990802.712
21620.058 990714.114
21577.737 990778.881
Suspect68
156527.983 533881.005
156582.867 533946.112
156634.014 533932.615
156575.403 533952.390
Suspect69
512935.165 591147.264
512907.941 591229.607
512915.091 591130.929
512853.708 591136.455
Suspect70
110225.608 130064.125
110194.790 130017.839
110168.772 129952.420
110225.017 129997.890
Suspect71
131565.221 605303.152
131638.678 605258.783
131657.555 605200.120
131605.034 605137.368
Suspect72
958826.565 897790.439
958924.090 897784.703
958956.252 897700.314
958999.093 897740.262
Suspect73
939234.815 512145.875
939285.768 512190.203
939244.702 512225.158
939270.618 512153.653
Suspect74
141779.310 499386.195
141697.664 499355.858
141648.668 499298.545
141707.198 499315.413
Suspect75
359104.947 750316.702
359140.688 750233.151
359222.369 750237.343
359234.643 750308.119
Suspect76
403903.487 685726.421
403923.715 685634.551
403858.376 685702.945
403882.719 685622.081
Suspect77
536373.601 154680.071
536432.759 154626.384
536370.497 154697.439
536321.510 154639.345
Suspect78
691986.580 130590.695
691908.381 130546.415
691886.166 130481.241
691927.942 130430.463
Suspect79
716166.507 295479.835
716244.875 295464.880
716220.511 295552.000
716182.195 295598.556
Suspect80
882691.958 469921.566
882639.381 469882.174
882619.652 469931.440
882589.122 470020.602
Suspect81
671563.079 996604.829
671542.530 996673.449
671632.448 996691.555
671537.607 996693.005
Suspect82
492498.894 265574.418
492436.748 265540.642
492374.111 265540.506
492304.620 265511.804
Suspect83
557311.603 718380.275
557253.091 718303.358
557199.067 718336.319
557147.775 718324.878
Suspect84
564045.664 955065.997
563973.382 955073.736
563921.989 955127.250
563903.258 955080.459
Suspect85
769151.648 372080.633
769202.685 372038.538
769194.275 372125.468
769220.490 372177.586
Suspect86
656258.395 11486.854
656180.530 11545.982
656268.315 11551.278
656239.169 11491.920
Suspect87
369598.633 250393.833
369683.274 250443.722
369733.032 250498.176
369716.269 250426.294
Suspect88
400058.117 500846.084
399989.082 500883.756
399926.725 500916.438
399863.794 500990.527
Suspect89
716253.108 295595.899
716254.222 295648.063
716203.595 295565.586
716246.191 295598.109
Suspect90
993579.993 366116.778
993627.882 366149.225
993642.112 366075.299
993600.685 366043.847
Suspect91
948570.846 948199.274
948502.865 948235.738
948440.627 948203.485
948431.544 948273.338
Suspect92
716243.008 295541.148
716243.462 295607.601
716171.759 295602.592
716133.021 295536.596
Suspect93
191091.775 640429.024
191158.970 640392.119
191178.270 640298.607
191214.252 640374.436
Suspect94
480471.383 425453.621
480541.618 425451.854
480606.154 425522.877
480553.211 425552.497
Suspect95
601436.396 881859.665
601394.191 881909.104
601365.878 881983.251
601433.491 881932.461
Suspect96
487781.693 358625.448
487875.987 358652.136
487871.089 358726.830
487920.249 358703.264
Suspect97
298433.124 334656.484
298423.251 334606.503
298465.303 334682.250
298405.400 334690.917
Suspect98
671952.933 924228.275
671956.538 924159.860
671917.357 924240.200
671967.889 924280.751
Suspect99
807682.662 604409.782
807609.150 604359.404
807632.672 604404.554
807585.354 604384.285
Suspect100
196806.940 759659.449
196852.643 759706.946
196798.349 759770.038
196848.704 759819.769
Suspect101
271142.880 502571.693
271099.662 502541.824
271023.227 502531.420
270929.098 502529.268
Suspect102
896194.191 730115.242
896252.388 730158.576
896224.632 730078.437
896203.641 730140.969
Suspect103
254793.980 816100.512
254850.404 816053.975
254910.618 815989.768
254928.993 815924.857
Suspect104
169461.347 113076.398
169466.832 113017.516
169445.037 112954.245
169393.012 112922.790
Suspect105
595427.751 61227.507
595485.481 61215.519
595548.969 61155.484
595591.797 61105.817
Suspect106
657196.413 691889.901
657248.677 691839.079
657213.790 691907.396
657162.782 691875.130
Suspect107
893735.754 843019.649
893766.811 843076.297
893713.326 843035.981
893750.525 842972.610
Suspect108
964997.128 799555.777
964957.718 799484.370
965016.400 799451.019
964932.484 799435.286
Suspect109
435726.213 429063.289
435727.080 428984.634
435666.388 428954.944
435592.359 428921.188
Suspect110
1427.628 642999.984
1352.147 643061.289
1435.847 643090.436
1382.880 643102.633
Suspect111
177392.307 107649.088
177390.651 107560.371
177438.765 107542.352
177521.506 107499.692
Suspect112
602182.439 339117.072
602213.510 339195.159
602294.055 339233.423
602277.616 339296.315
Suspect113
705559.308 780679.707
705492.195 780608.756
705430.608 780675.265
705485.947 780698.471
Suspect114
780648.409 769391.057
780696.906 769475.542
780780.794 769451.674
780711.102 769459.785
Suspect115
866145.981 434655.902
866236.647 434677.074
866232.666 434741.089
866311.777 434786.742
Suspect116
383549.866 950773.618
383493.386 950787.655
383540.470 950703.164
383596.083 950752.993
Suspect117
683010.470 738156.863
683035.787 738247.729
682990.195 738175.427
683011.346 738255.110
Suspect118
50316.524 295657.882
50223.693 295626.775
50148.714 295629.851
50148.449 295553.871
Suspect119
757556.149 82976.092
757580.213 82913.311
757561.325 82854.901
757496.297 82791.044
Suspect120
40480.966 140305.178
40436.278 140241.042
40414.329 140323.243
40457.802 140357.955
Suspect121
100918.700 173384.934
100858.598 173310.578
100776.903 173298.804
100721.403 173342.989
Suspect122
772180.425 834156.921
772097.142 834125.191
772105.602 834074.845
772102.353 834019.303
Suspect123
194538.904 481882.418
194605.355 481904.229
194692.225 481867.006
194644.939 481898.076
Suspect124
327209.096 655413.846
327259.494 655400.818
327305.458 655365.143
327385.526 655407.713
Suspect125
716203.578 295625.277
716242.175 295602.423
716314.712 295627.927
716265.085 295688.690
Suspect126
832535.027 640669.835
832551.726 640722.912
832550.558 640801.171
832592.503 640857.092
Suspect127
497361.056 491133.202
497355.002 491073.313
497403.898 491042.497
497309.101 491065.644
Suspect128
66471.934 435323.243
66561.540 435348.888
66509.702 435283.728
66479.126 435357.160
Suspect129
166348.333 845751.624
166322.393 845823.286
166374.884 845829.026
166418.578 845746.483
Suspect130
552200.084 183382.501
552199.339 183327.560
552142.530 183253.443
552230.761 183220.728
Suspect131
60004.296 567292.023
60023.425 567200.618
60043.212 567143.039
60092.280 567189.941
Suspect132
556266.793 471719.760
556312.067 471751.812
556395.761 471700.275
556307.721 471741.912
Suspect133
160155.518 469403.955
160156.374 469501.332
160214.486 469558.559
160270.353 469537.109
Suspect134
913579.846 625543.650
913633.320 625563.524
913706.731 625620.025
913730.441 625664.060
Suspect135
146759.203 413150.549
146811.252 413167.264
146851.293 413112.255
146909.300 413034.279
Suspect136
233592.237 876025.502
233572.709 875978.142
233614.159 876019.431
233658.497 876048.940
Suspect137
167344.103 724313.737
167410.768 724310.603
167364.530 724336.861
167295.888 724367.954
Suspect138
353584.469 262008.783
353587.932 262067.846
353543.338 262096.305
353616.123 262087.711
Suspect139
426255.374 357183.113
426330.722 357228.861
426281.363 357300.036
426357.635 357306.154
Suspect140
423231.617 624111.207
423163.908 624104.564
423147.436 624185.503
423196.718 624125.487
Suspect141
901064.379 421593.842
901014.476 421598.564
901069.161 421607.899
901098.202 421693.101
Suspect142
556510.299 778919.373
556523.566 778859.555
556512.888 778788.731
556560.008 778750.210
Suspect143
351067.320 95424.010
351000.812 95378.432
351084.616 95352.274
351055.998 95428.116
Suspect144
928823.387 916743.045
928876.782 916773.223
928823.116 916848.151
928884.193 916786.312
Suspect145
261270.259 77074.406
261222.899 77095.197
261262.880 77033.190
261249.778 76943.282
Suspect146
541690.766 281553.099
541617.360 281544.792
541707.041 281508.128
541754.225 281594.023
Suspect147
110150.190 869954.761
110111.171 869910.819
110101.613 869841.458
110027.072 869823.660
Suspect148
215294.545 802402.222
215266.947 802487.123
215227.245 802522.010
215296.744 802563.955
Suspect149
709425.283 440134.322
709415.633 440083.292
709390.066 440160.765
709452.228 440114.743
Suspect150
119522.634 41081.514
119469.291 41128.809
119435.588 41060.360
119392.011 41139.448
Suspect151
640819.864 333652.520
640886.485 333714.081
640804.592 333735.593
640735.649 333727.398
Suspect152
716237.613 295613.062
716255.700 295589.634
716274.182 295652.081
716243.690 295723.912
Suspect153
694221.682 954806.590
694234.456 954710.727
694171.598 954688.195
694180.767 954776.403
Suspect154
76598.601 852772.331
76665.150 852744.434
76741.216 852693.996
76752.375 852642.933
Suspect155
876010.400 566669.841
875979.671 566592.507
876004.215 566536.879
875947.269 566471.250
Suspect156
402548.282 875193.828
402591.564 875139.664
402586.381 875200.749
402571.485 875151.177
Suspect157
418815.345 124992.223
418801.870 125064.303
418877.233 125106.205
418892.897 125154.581
Suspect158
974916.590 521250.855
974980.688 521306.435
975005.984 521355.513
975053.945 521307.923
Suspect159
41285.904 770675.563
41284.252 770762.335
41345.664 770818.814
41263.346 770772.877
Suspect160
767457.847 838968.568
767439.839 839015.841
767506.528 838988.499
767418.374 838996.253
Suspect161
337150.375 424083.187
337143.930 424145.081
337201.831 424142.927
337130.623 424141.901
Suspect162
793007.898 163146.720
792984.428 163242.248
792958.589 163325.079
792972.915 163381.957
Suspect163
932928.880 463193.795
932870.129 463240.798
932937.382 463204.297
932863.424 463217.835
Suspect164
423935.993 164787.104
423855.584 164743.497
423804.282 164659.152
423713.964 164673.820
Suspect165
714850.019 48020.809
714916.292 47977.003
714880.953 47923.923
714830.699 47857.481
Suspect166
486605.846 603426.118
486652.579 603497.566
486675.874 603551.081
486581.177 603533.256
Suspect167
167185.569 93291.231
167245.075 93220.351
167220.903 93134.197
167139.652 93118.345
Suspect168
843098.080 99767.955
843030.027 99779.946
843077.009 99802.707
843145.458 99783.882
Suspect169
21677.346 520304.236
21756.262 520342.059
21716.573 520382.770
21777.946 520374.458
Suspect170
63357.965 860565.348
63422.593 860533.475
63424.979 860455.547
63509.192 860423.218
Suspect171
13971.063 401146.308
13931.845 401191.852
13961.296 401254.494
13892.974 401283.130
Suspect172
553707.815 84192.222
553628.761 84230.296
553592.052 84153.162
553524.607 84108.279
Suspect173
121940.072 558289.399
121889.177 558344.584
121810.073 558389.348
121775.688 558433.984
Suspect174
570060.508 63366.089
570134.744 63345.830
570058.144 63315.794
570110.023 63241.260
Suspect175
844547.328 917418.483
844488.652 917414.743
844504.678 917493.655
844432.209 917492.429
Suspect176
536071.942 418702.761
536111.051 418752.735
536074.516 418690.830
536059.700 418747.142
Suspect177
818652.191 701638.416
818574.184 701690.625
818534.338 701738.361
818504.805 701685.226
Suspect178
90883.621 659042.809
90921.693 658994.616
91003.558 658999.968
90987.159 659065.582
Suspect179
893239.345 374624.849
893331.481 374653.724
893370.372 374575.433
893313.444 374526.049
Suspect180
94165.600 415722.696
94115.810 415765.273
94063.366 415820.305
94150.460 415840.355
Suspect181
716243.321 295564.093
716218.438 295539.421
716246.555 295619.712
716219.781 295671.750
Suspect182
360244.536 795226.713
360306.616 795237.250
360345.976 795278.974
360355.776 795214.872
Suspect183
669836.871 715340.951
669870.406 715424.292
669824.792 715467.935
669754.501 715407.542
Suspect184
438322.318 454486.771
438330.243 454393.325
438263.443 454395.177
438262.458 454342.515
Suspect185
748964.537 523910.261
749023.931 523929.472
748959.038 523859.714
749009.178 523935.582
Suspect186
666368.956 356586.566
666394.826 356653.541
666455.571 356726.990
666504.836 356684.198
Suspect187
38517.640 921873.775
38571.065 921922.997
38601.766 921992.745
38532.577 921987.436
Suspect188
195583.449 974816.190
195497.468 974853.073
195421.146 974905.586
195495.018 974919.692
Suspect189
550935.796 282711.721
550908.461 282669.416
550997.268 282672.485
551083.826 282630.488
Suspect190
588471.647 181396.385
588446.383 181467.189
588397.357 181419.573
588397.014 181367.980
Suspect191
776078.321 150883.960
776016.790 150819.522
775933.016 150842.221
775869.993 150873.521
Suspect192
535580.447 624068.094
535555.398 623979.272
535456.787 623971.826
535406.688 623938.363
Suspect193
729514.562 136795.848
729560.598 136840.448
729645.547 136810.559
729731.084 136831.670
Suspect194
407268.729 192993.115
407187.075 193031.457
407149.431 192997.412
407224.384 192961.982
Suspect195
176739.596 121516.595
176769.140 121453.895
176820.096 121396.634
176870.094 121455.944
Suspect196
755417.730 296295.725
755431.794 296378.503
755472.467 296465.330
755410.679 296446.275
Suspect197
72033.655 455951.693
71968.830 455969.571
72021.976 455938.363
72032.769 455867.752
Suspect198
900176.592 472102.876
900109.429 472067.419
900139.021 471975.660
900107.863 471914.665
Suspect199
348542.374 631883.535
348486.164 631849.934
348518.504 631802.548
348566.565 631845.558
Suspect200
132333.762 862763.179
132296.977 862721.409
132301.937 862641.435
132355.874 862611.958
Suspect201
939337.546 485351.814
939343.731 485284.033
939406.948 485270.987
939344.506 485336.886
Suspect202
486027.593 361672.373
485934.356 361650.616
486024.093 361624.479
486068.404 361593.935
Suspect203
208859.459 535193.001
208776.408 535241.577
208709.919 535193.373
208780.930 535173.625
Suspect204
970701.895 866565.508
970792.279 866562.795
970750.217 866646.179
970697.361 866693.340
Suspect205
694497.248 808263.861
694561.692 808189.945
694646.078 808146.794
694583.472 808111.182
Suspect206
155045.954 290134.629
155115.269 290135.199
155162.451 290083.166
155236.009 290135.917
Suspect207
266517.928 33136.817
266577.798 33159.125
266554.877 33252.972
266567.399 33325.085
Suspect208
956828.587 497405.294
956881.542 497432.273
956851.639 497362.171
956904.740 497348.298
Suspect209
31615.495 549192.293
31560.140 549185.963
31466.772 549180.837
31386.976 549211.798
Suspect210
876863.364 570585.743
876883.276 570636.182
876825.902 570647.732
876867.032 570572.173
Suspect211
754649.273 659490.956
754595.371 659425.700
754503.152 659430.088
754566.569 659459.883
Suspect212
16769.969 110349.593
16752.751 110431.579
16821.909 110489.248
16823.621 110438.165
Suspect213
431437.106 513159.048
431450.798 513237.702
431515.949 513251.546
431571.757 513222.223
Suspect214
410799.314 235107.595
410734.411 235081.900
410723.164 235141.361
410810.625 235106.798
Suspect215
292643.165 323954.868
292592.654 323921.564
292562.265 323831.137
292636.826 323794.643
Suspect216
181958.103 557274.778
181947.157 557219.706
182001.851 557242.829
182096.240 557263.703
Suspect217
787862.672 782027.868
787901.766 781945.626
787899.899 781856.886
787928.688 781908.294
Suspect218
80325.949 421478.525
80322.059 421404.900
80385.616 421427.791
80454.693 421358.188
Suspect219
526087.324 689575.705
526087.850 689490.888
526171.855 689537.679
526168.945 689460.348
Suspect220
183248.470 760839.519
183203.904 760881.223
183139.573 760944.107
183155.627 760883.516
Suspect221
223096.004 20222.224
223029.171 20288.940
223047.231 20231.915
223047.354 20154.348
Suspect222
117583.454 943772.683
117495.336 943762.851
117579.877 943789.441
117600.371 943848.861
Suspect223
120334.620 966673.450
120286.561 966633.685
120231.149 966704.804
120315.990 966699.574
Suspect224
616070.516 278208.318
616034.497 278122.044
615979.817 278135.861
615930.668 278108.816
Suspect225
239039.282 879881.760
239082.830 879802.751
239132.217 879841.133
239145.555 879910.337
Suspect226
634006.179 448855.624
633951.197 448850.801
633873.122 448845.217
633904.893 448885.837
Suspect227
66346.183 922003.811
66258.800 921968.143
66285.520 921916.983
66255.458 921851.052
Suspect228
547683.459 75381.999
547664.177 75464.797
547592.364 75437.121
547538.207 75421.243
Suspect229
638681.661 439448.040
638768.433 439441.252
638834.003 439474.692
638870.253 439410.518
Suspect230
129566.136 987542.484
129552.129 987621.677
129608.610 987544.946
129661.013 987521.210
Suspect231
496716.705 523965.408
496692.752 524044.136
496773.133 524067.467
496817.600 524143.738
Suspect232
372109.991 362872.938
372063.052 362852.628
371981.930 362808.573
371894.213 362831.826
Suspect233
93611.124 559865.065
93623.044 559952.027
93612.651 560001.341
93686.484 559939.874
Suspect234
715834.905 912192.063
715751.077 912144.738
715705.145 912189.050
715652.910 912134.533
Suspect235
105296.645 172978.905
105278.334 173067.321
105252.671 173024.344
105224.686 173105.989
Suspect236
559140.476 129596.948
559074.902 129642.210
559067.577 129570.284
559112.267 129602.155
Suspect237
832410.992 399025.989
832423.483 399086.744
832390.492 399025.617
832341.262 398974.225
Suspect238
897010.868 751768.537
897054.154 751801.298
897037.117 751734.914
896964.943 751675.657
Suspect239
815583.055 900735.199
815538.081 900792.154
815574.459 900880.537
815671.127 900861.791
Suspect240
716216.629 295667.439
716180.694 295599.053
716197.208 295622.522
716130.134 295693.983
Suspect241
87792.215 907785.042
87841.477 907802.983
87833.782 907866.797
87764.910 907849.435
Suspect242
716253.590 295605.259
716217.212 295550.222
716278.742 295555.036
716364.662 295583.586
Suspect243
704593.303 534974.921
704576.878 535051.583
704509.533 535044.925
704472.864 535109.157
Suspect244
467558.175 386088.901
467610.547 386042.586
467600.682 386106.233
467680.441 386153.943
Suspect245
558607.698 405904.648
558677.046 405866.566
558618.557 405897.539
558688.817 405875.738
Suspect246
557408.485 903714.376
557401.243 903811.994
557455.514 903863.056
557430.869 903911.484
Suspect247
219575.651 569787.535
219573.305 569850.599
219644.010 569795.992
219600.019 569861.473
Suspect248
638608.318 276458.034
638552.946 276439.602
638550.725 276504.062
638519.194 276543.389
Suspect249
488267.175 338742.411
488211.708 338695.319
488206.879 338621.262
488187.812 338678.070
Suspect250
12146.240 77980.090
12082.065 78027.816
12047.385 78108.823
12109.087 78055.879
Suspect251
714864.600 652012.057
714935.151 652044.346
714926.107 651973.801
714941.400 652026.005
Suspect252
436863.890 279654.878
436890.784 279608.122
436885.745 279544.206
436936.987 279550.095
Suspect253
140296.174 212257.209
140244.250 212298.341
140243.349 212229.660
140178.890 212207.869
Suspect254
111171.361 51926.904
111233.819 51870.276
111314.910 51915.065
111345.330 51869.402
Suspect255
716209.885 295538.203
716205.180 295551.398
716141.407 295624.536
716110.341 295568.142
Suspect256
447495.183 670147.193
447450.845 670219.247
447458.848 670283.202
447384.136 670254.660
Suspect257
187548.649 929215.540
187526.393 929278.492
187503.103 929328.846
187430.510 929296.132
Suspect258
989800.978 598155.435
989727.643 598167.837
989679.782 598146.480
989703.012 598050.514
Suspect259
127307.883 833299.991
127265.746 833246.451
127315.965 833306.747
127350.641 833249.125
Suspect260
854802.539 412959.941
854825.832 413007.334
854846.508 412910.893
854805.018 412832.055
Suspect261
716225.560 295622.337
716191.598 295601.765
716267.131 295650.604
716355.914 295630.635
Suspect262
479654.413 694894.290
479666.796 694982.137
479630.801 694943.191
479571.451 694992.681
Suspect263
670705.248 989792.854
670675.951 989732.563
670738.885 989744.915
670781.086 989659.815
Suspect264
653691.071 309156.860
653641.049 309164.046
653657.265 309067.170
653655.973 309142.812
Suspect265
222612.351 936924.567
222675.721 936897.668
222705.297 936991.172
222663.040 937076.229
Suspect266
392663.519 600152.173
392712.511 600106.373
392755.575 600183.781
392664.619 600214.257
Suspect267
227551.652 540996.525
227604.078 541047.721
227657.793 541055.462
227693.887 541017.567
Suspect268
839139.301 347669.806
839229.916 347702.821
839179.966 347724.657
839262.813 347778.041
Suspect269
314435.238 475825.834
314421.950 475748.618
314384.051 475696.200
314456.807 475678.346
Suspect270
708299.469 218243.612
708392.089 218246.009
708413.995 218187.968
708333.509 218141.763
Suspect271
80028.455 915668.654
80055.482 915623.915
80069.165 915538.755
80106.991 915583.351
Suspect272
716265.567 295594.985
716186.078 295598.656
716182.391 295590.660
716163.441 295544.064
Suspect273
912855.363 329289.837
912829.268 329335.844
912804.798 329428.789
912848.538 329513.051
Suspect274
258026.240 967898.103
257966.643 967939.900
258021.215 967979.195
258050.449 967924.929
Suspect275
902153.596 635226.078
902150.679 635128.897
902158.455 635070.535
902091.445 635086.902
Suspect276
6619.194 375238.961
6579.915 375291.341
6557.371 375220.965
6541.738 375134.698
Suspect277
940640.016 434941.371
940624.251 434990.725
940622.085 434926.683
940625.619 434849.395
Suspect278
191383.076 275268.402
191343.298 275226.880
191371.272 275319.898
191468.665 275306.594
Suspect279
454814.635 988646.996
454861.229 988682.849
454910.488 988599.546
454817.136 988581.348
Suspect280
549622.094 122507.779
549646.386 122553.960
549656.319 122498.430
549705.546 122567.268
Suspect281
628190.767 458709.540
628171.749 458766.830
628226.064 458794.301
628190.127 458830.597
Suspect282
30707.977 386635.763
30787.444 386690.651
30784.793 386781.992
30857.863 386779.905
Suspect283
572836.341 471851.424
572760.713 471873.688
572824.564 471825.021
572878.700 471792.274
Suspect284
51263.406 942688.466
51354.435 942701.526
51401.203 942627.261
51326.595 942565.299
Suspect285
115648.181 662740.506
115637.092 662642.759
115542.819 662661.952
115459.354 662610.496
Suspect286
828274.094 609775.270
828232.157 609690.172
828243.424 609599.050
828240.420 609547.115
Suspect287
250953.719 199570.849
250865.649 199599.110
250820.505 199531.204
250827.667 199437.727
Suspect288
699987.661 109849.543
699914.593 109801.759
699990.952 109790.408
700028.227 109723.120
Suspect289
999927.738 190388.071
999993.202 190336.115
999936.227 190377.163
999993.878 190407.833
Suspect290
327116.948 130573.049
327167.383 130582.416
327139.392 130539.528
327098.706 130606.413
Suspect291
858866.091 115063.876
858881.335 114974.715
858842.265 114889.942
858909.843 114957.806
Suspect292
257182.913 415441.932
257188.942 415534.959
257118.562 415548.807
257089.358 415598.535
Suspect293
883266.031 400844.062
883282.514 400894.777
883350.899 400868.707
883406.710 400879.951
Suspect294
156488.941 59689.987
156445.071 59740.144
156501.467 59695.770
156444.793 59732.083
Suspect295
716173.446 295596.857
716200.454 295507.374
716199.179 295605.619
716257.796 295562.794
Suspect296
918841.914 68577.604
918772.256 68570.146
918705.721 68548.891
918651.275 68617.875
Suspect297
746346.493 276908.098
746314.980 276973.090
746236.822 276945.169
746247.483 276849.903
Suspect298
176184.406 846825.137
176140.748 846855.476
176206.755 846820.137
176217.583 846892.469
Suspect299
604308.561 189299.244
604362.189 189312.066
604327.356 189368.918
604324.145 189447.144
Suspect300
448816.157 649534.150
448836.460 649475.189
448932.337 649485.491
448899.495 649546.823
Suspect301
273616.995 336216.977
273583.920 336283.551
273657.120 336312.856
273679.599 336400.808
Suspect302
900254.966 933101.544
900326.873 933120.375
900379.717 933086.016
900317.503 933153.801
Suspect303
501220.346 93066.274
501257.358 93130.626
501217.403 93174.170
501297.739 93121.575
Suspect304
509791.281 866666.616
509849.518 866649.250
509882.165 866604.237
509928.098 866642.891
Suspect305
406319.138 380495.297
406266.987 380435.626
406331.433 380457.464
406390.564 380385.844
Suspect306
709130.336 106481.810
709146.786 106547.411
709135.512 106599.660
709099.241 106648.266
Suspect307
349159.996 796178.099
349084.922 796151.954
349004.501 796121.888
349096.729 796143.405
Suspect308
409475.507 314657.026
409541.833 314710.061
409591.710 314781.698
409676.552 314730.739
Suspect309
682323.423 560077.009
682406.648 560122.803
682457.462 560106.398
682468.590 560158.829
Suspect310
441644.518 129502.707
441582.137 129499.585
441587.632 129449.521
441680.028 129467.446
Suspect311
15878.350 383945.879
15887.795 384004.662
15953.955 384032.896
16008.400 384054.565
Suspect312
380773.558 281532.297
380785.406 281611.439
380701.780 281651.091
380742.673 281573.132
Suspect313
31849.300 227202.983
31935.093 227234.528
32015.652 227205.694
32077.580 227129.794
Suspect314
966471.999 303414.812
966521.714 303335.635
966473.505 303384.009
966510.524 303330.695
Suspect315
716337.470 295586.738
716256.476 295546.467
716242.432 295609.289
716320.030 295653.260
Suspect316
43052.393 764497.130
43058.090 764549.255
43028.816 764484.909
42942.217 764452.577
Suspect317
666698.128 674502.215
666658.852 674430.634
666596.103 674378.077
666552.339 674333.207
Suspect318
398875.847 310616.509
398864.476 310665.831
398768.325 310651.366
398850.266 310617.206
Suspect319
148686.706 372457.018
148714.069 372397.030
148699.232 372454.037
148652.368 372435.298
Suspect320
250914.054 475763.903
250867.405 475706.651
250841.788 475791.920
250854.925 475737.838
Suspect321
106812.046 944131.690
106877.292 944127.438
106914.408 944071.504
106840.986 944063.514
Suspect322
58831.962 533393.695
58862.658 533445.762
58853.978 533378.391
58825.786 533306.001
Suspect323
422035.005 411778.561
421970.085 411799.964
421975.966 411719.244
421961.778 411663.562
Suspect324
590704.125 900918.165
590649.810 900980.000
590610.458 901023.310
590661.064 900989.927
Suspect325
352417.331 342955.168
352399.471 343035.965
352460.640 343054.551
352455.152 343113.950
Suspect326
488681.009 747779.937
488598.009 747814.159
488594.910 747760.160
488567.760 747829.880
Suspect327
716091.242 295577.207
716152.907 295561.935
716227.139 295534.031
716246.436 295561.161
Suspect328
870925.814 312446.082
870973.536 312500.144
871010.184 312465.368
870918.451 312461.421
Suspect329
983253.316 214275.116
983174.298 214233.055
983217.445 214204.199
983192.823 214132.364
Suspect330
660471.864 172054.074
660418.188 172017.333
660358.975 172022.664
660300.900 172031.920
Suspect331
716189.549 295594.420
716226.168 295557.507
716276.754 295621.353
716297.890 295701.577
Suspect332
494892.150 864637.293
494941.099 864697.505
494917.944 864776.620
494901.605 864874.012
Suspect333
404984.527 121254.795
404992.902 121181.057
405054.864 121130.403
405105.272 121106.850
Suspect334
500058.969 311829.109
500131.680 311847.404
500072.305 311830.640
500131.557 311799.976
Suspect335
716262.386 295615.386
716187.473 295600.325
716192.778 295513.208
716137.095 295450.620
Suspect336
977732.277 608127.612
977809.271 608141.465
977865.531 608126.988
977801.071 608124.380
Suspect337
668673.823 190151.780
668684.197 190236.912
668646.100 190278.864
668686.292 190223.283
Suspect338
694314.732 671406.727
694230.646 671367.251
694174.415 671401.415
694204.521 671464.254
Suspect339
491025.636 492587.527
491094.304 492577.697
491121.614 492652.335
491167.362 492684.455
Suspect340
302126.688 617727.309
302187.924 617750.794
302125.610 617784.297
302141.100 617691.091
Suspect341
964517.984 19001.647
964481.683 18947.680
964484.763 18865.038
964393.209 18885.785
Suspect342
298476.833 857895.882
298533.763 857873.958
298557.660 857964.812
298514.319 857915.144
Suspect343
995648.275 89678.764
995603.540 89704.012
995571.107 89749.011
995488.744 89708.963
Suspect344
614206.007 613925.349
614201.854 613976.168
614183.652 614028.508
614132.800 614065.091
Suspect345
733000.471 730375.364
732947.029 730363.904
732957.604 730307.056
732886.661 730243.823
Suspect346
824197.042 863507.447
824207.104 863580.609
824256.291 863541.134
824208.031 863566.162
Suspect347
795745.048 732177.639
795788.586 732256.591
795886.665 732264.498
795849.186 732307.686
Suspect348
322334.340 761417.779
322363.600 761458.836
322316.161 761433.120
322270.305 761381.499
Suspect349
446018.002 117547.281
445957.428 117569.671
446038.223 117591.888
446113.860 117638.605
Suspect350
277076.246 113051.524
277049.288 113105.685
277097.608 113072.188
277035.577 113031.726
Suspect351
157162.363 49089.889
157131.753 49157.479
157062.244 49203.527
157113.794 49200.748
Suspect352
510574.489 319423.563
510622.478 319443.723
510638.393 319392.996
510600.691 319460.753
Suspect353
95875.271 265115.336
95893.090 265020.616
95803.129 265023.812
95851.898 265092.613
Suspect354
871936.473 931919.038
871898.772 931968.911
871860.348 932027.060
871794.030 931984.107
Suspect355
871710.566 486399.722
871659.453 486481.154
871689.846 486561.360
871750.822 486585.990
Suspect356
591475.050 756856.994
591456.003 756912.860
591375.921 756957.632
591348.306 757000.919
Suspect357
532650.098 565024.211
532697.164 565046.437
532760.043 565005.859
532698.480 565018.514
Suspect358
473444.599 245664.329
473391.376 245672.952
473452.446 245654.142
473444.349 245577.151
Suspect359
924209.192 920202.231
924258.129 920268.289
924289.251 920329.823
924379.143 920362.030
Suspect360
403770.543 560406.786
403757.627 560468.787
403690.521 560398.847
403696.696 560488.425
Suspect361
716284.009 295580.638
716211.468 295546.441
716197.435 295618.706
716161.828 295558.922
Suspect362
283972.044 787248.185
284018.957 787313.523
283934.819 787291.973
283894.263 787342.504
Suspect363
881344.207 842883.143
881262.905 842867.084
881334.126 842901.537
881291.683 842973.272
Suspect364
769853.421 474050.042
769780.016 474005.435
769798.736 473920.713
769753.197 473850.020
Suspect365
716217.523 959703.047
716235.641 959655.539
716301.621 959625.875
716368.346 959662.126
Suspect366
821875.256 891371.622
821823.666 891431.024
821766.505 891496.454
821818.621 891553.758
Suspect367
305544.137 916100.493
305482.577 916089.148
305482.497 916159.629
305443.212 916085.339
Suspect368
936090.676 354437.826
936030.309 354395.160
936059.538 354332.263
936007.492 354397.399
Suspect369
697301.012 11977.070
697362.146 11924.125
697306.289 11994.951
697345.168 11963.432
Suspect370
716350.178 295582.327
716274.351 295591.063
716241.790 295618.667
716201.167 295690.328
Suspect371
157662.148 761604.446
157733.159 761632.967
157721.232 761721.022
157651.007 761668.612
Suspect372
183034.347 558874.003
183039.156 558945.061
183048.659 558877.834
183112.086 558843.162
Suspect373
439932.246 524178.967
439856.080 524203.055
439784.274 524165.820
439759.964 524219.402
Suspect374
161453.631 844314.373
161395.663 844381.466
161374.463 844454.110
161320.421 844445.548
Suspect375
396908.258 27235.679
396920.416 27173.995
396839.780 27130.357
396827.590 27048.932
Suspect376
960691.914 942934.205
960709.498 942990.116
960629.632 942981.925
960593.688 943043.658
Suspect377
969736.793 705349.423
969788.097 705275.918
969725.084 705307.021
969773.845 705348.018
Suspect378
340975.601 349102.501
340926.943 349046.568
340875.519 349120.144
340963.500 349122.792
Suspect379
952008.282 843664.218
952033.363 843608.431
952067.440 843696.759
952099.760 843612.467
Suspect380
770010.328 134632.471
770047.878 134541.874
770086.478 134621.233
770124.347 134677.248
Suspect381
362680.953 715188.224
362681.109 715136.916
362688.248 715043.536
362758.494 715099.152
Suspect382
443262.832 841883.416
443317.075 841817.012
443272.617 841882.663
443216.172 841944.016
Suspect383
514124.028 179552.346
514204.280 179550.855
514161.446 179600.252
514218.753 179522.709
Suspect384
603784.743 374790.642
603793.380 374735.164
603807.369 374813.435
603791.331 374863.066
Suspect385
826148.373 807178.953
826167.331 807232.158
826130.577 807291.423
826106.077 807361.972
Suspect386
121475.707 514074.387
121391.237 514083.555
121400.422 514022.798
121331.962 514005.631
Suspect387
295066.289 624840.180
295126.663 624915.955
295213.237 624907.269
295269.969 624915.295
Suspect388
774154.160 469334.715
774239.822 469363.450
774169.242 469340.687
774124.949 469257.775
Suspect389
312546.819 534749.672
312618.889 534754.886
312642.398 534661.450
312624.805 534740.659
Suspect390
380191.107 64475.404
380126.914 64400.800
380172.580 64473.690
380094.259 64467.451
Suspect391
544066.290 524201.316
544115.054 524236.867
544128.089 524310.170
544187.429 524238.727
Suspect392
361831.998 426294.550
361786.594 426369.607
361817.017 426328.763
361754.495 426253.516
Suspect393
325980.042 469035.784
326032.688 469039.185
326110.111 469027.592
326183.895 469026.732
Suspect394
294883.800 554643.695
294973.279 554678.103
294925.445 554719.127
294909.008 554772.165
Suspect395
481666.146 732703.275
481706.367 732737.684
481771.994 732735.410
481721.241 732679.699
Suspect396
927495.178 744923.329
927560.237 744879.592
927604.303 744855.284
927692.320 744870.218
Suspect397
251949.740 792341.968
251982.009 792261.427
251983.643 792208.145
252016.319 792262.607
Suspect398
259755.753 311605.692
259787.935 311541.505
259882.711 311513.726
259856.473 311585.386
Suspect399
797365.372 781178.846
797411.060 781204.365
797476.639 781148.401
797428.153 781131.988
Suspect400
876353.098 429843.085
876382.349 429907.508
876437.118 429872.210
876409.810 429926.845
Suspect401
277135.055 447875.559
277073.723 447923.965
277037.748 447882.609
277063.375 447789.493
Suspect402
454251.624 629035.725
454306.852 629084.704
454384.187 629060.359
454421.498 629094.699
Suspect403
112543.166 501509.707
112475.719 501527.515
112422.043 501494.730
112361.117 501518.098
Suspect404
442113.962 698630.602
442083.268 698708.228
442112.791 698666.831
442081.974 698582.974
Suspect405
674304.346 367144.466
674243.206 367134.513
674210.897 367197.203
674116.848 367209.984
Suspect406
371918.764 616663.455
371956.860 616739.876
372042.736 616723.736
372108.585 616674.428
Suspect407
221308.946 830969.055
221279.797 830925.443
221254.983 830847.436
221274.149 830915.631
Suspect408
238010.565 903015.933
238056.699 903096.882
238025.958 903055.345
237979.455 903095.113
Suspect409
591672.033 43482.431
591638.246 43443.210
591581.712 43435.401
591582.206 43351.490
Suspect410
314840.458 302554.544
314856.739 302603.041
314926.215 302548.588
314899.047 302478.115
Suspect411
489316.698 589965.411
489369.757 589897.967
489443.845 589939.054
489475.216 589989.854
Suspect412
710243.236 391873.474
710170.959 391857.536
710098.607 391872.010
710050.624 391923.371
Suspect413
506521.092 373485.372
506454.198 373437.868
506407.724 373361.482
506419.857 373291.870
Suspect414
722691.746 4042.481
722762.604 4107.221
722745.026 4201.358
722650.421 4183.084
Suspect415
514211.348 508974.649
514264.652 509003.739
514195.061 509056.392
514245.813 508995.235
Suspect416
623142.914 908443.152
623076.915 908412.441
623018.691 908376.851
622984.587 908451.108
Suspect417
179669.593 247712.433
179743.238 247769.606
179654.562 247748.935
179702.241 247797.865
Suspect418
77536.800 50471.779
77565.652 50553.108
77632.170 50572.174
77546.900 50562.129
Suspect419
31258.033 668143.348
31286.774 668201.232
31291.423 668117.708
31237.795 668102.213
Suspect420
905552.833 634727.418
905507.421 634786.431
905538.814 634732.953
905506.178 634688.094
Suspect421
280367.267 837825.620
280427.725 837840.990
280443.147 837745.005
280505.147 837812.902
Suspect422
903807.815 164545.661
903838.001 164469.026
903812.310 164554.425
903886.611 164592.137
Suspect423
83838.240 806991.058
83875.922 807058.673
83824.893 807010.336
83834.959 806950.167
Suspect424
794371.996 172767.548
794424.605 172774.031
794433.043 172844.606
794500.338 172789.512
Suspect425
840466.483 899413.025
840458.621 899487.322
840437.730 899546.272
840384.113 899497.757
Suspect426
67475.549 188954.717
67529.601 188988.951
67483.737 189014.695
67551.585 189060.698
Suspect427
670879.414 661834.950
670932.386 661841.984
671011.341 661883.895
671076.617 661918.513
Suspect428
223899.985 585510.018
223940.949 585463.553
223928.773 585389.467
223875.246 585375.814
Suspect429
342219.008 688059.501
342236.613 687994.680
342222.700 687906.334
342177.169 687940.653
Suspect430
169241.421 381094.657
169318.047 381038.250
169382.351 381030.301
169434.783 381059.841
Suspect431
431917.511 595005.437
431835.213 595017.282
431884.423 594987.113
431833.993 594907.872
Suspect432
828566.544 109232.490
828631.098 109222.043
828650.388 109157.628
828591.428 109148.524
Suspect433
545808.447 270800.420
545884.701 270858.813
545808.558 270868.791
545886.453 270869.337
Suspect434
323652.152 191065.475
323694.375 191149.495
323650.498 191099.358
323666.662 191159.261
Suspect435
435374.815 292616.719
435463.896 292659.461
435377.554 292703.944
435301.694 292745.840
Suspect436
751826.296 295005.717
751906.657 295021.146
751886.792 295113.269
751830.721 295113.766
Suspect437
120735.771 105913.643
120762.609 105847.333
120722.721 105893.262
120633.325 105886.149
Suspect438
19357.832 286776.105
19394.387 286716.186
19463.955 286678.974
19525.654 286611.123
Suspect439
796767.989 226601.386
796778.418 226543.556
796810.477 226586.131
796731.017 226629.775
Suspect440
685442.765 138426.363
685380.464 138458.631
685448.485 138432.587
685388.423 138430.276
Suspect441
716281.560 295609.531
716201.487 295571.235
716253.812 295549.038
716267.359 295560.298
Suspect442
594861.940 504493.536
594797.930 504553.353
594819.857 504613.859
594775.177 504636.649
Suspect443
901913.645 141172.297
901897.788 141096.023
901929.044 141166.167
901907.148 141237.569
Suspect444
214862.904 913866.494
214818.267 913943.286
214763.891 914005.382
214711.622 913953.624
Suspect445
543225.256 575769.345
543280.280 575720.685
543229.865 575712.434
543274.081 575743.918
Suspect446
287255.430 214680.680
287188.156 214660.046
287130.899 214687.786
287116.055 214594.679
Suspect447
641251.139 286734.057
641266.699 286821.931
641321.543 286802.191
641372.170 286811.821
Suspect448
951715.076 132018.556
951652.539 132034.762
951713.360 132053.915
951694.825 132108.282
Suspect449
623058.839 548386.976
623112.403 548397.209
623168.024 548468.024
623229.618 548460.720
Suspect450
960632.305 739098.498
960617.643 739042.533
960686.452 739038.193
960693.442 738978.669
Suspect451
797340.304 684667.622
797264.978 684605.483
797209.417 684554.733
797306.916 684564.535
Suspect452
939694.666 203457.510
939749.015 203419.992
939682.881 203381.765
939651.396 203332.224
Suspect453
716236.510 295557.631
716236.569 295627.098
716246.461 295546.916
716312.386 295511.535
Suspect454
688826.511 911570.485
688830.529 911509.604
688885.530 911520.326
688871.157 911591.167
Suspect455
289614.859 878516.308
289546.083 878460.967
289531.594 878516.729
289620.230 878560.260
Suspect456
82357.968 778504.954
82327.014 778420.472
82331.377 778508.088
82377.015 778543.611
Suspect457
854267.583 829768.627
854341.698 829752.927
854279.479 829822.218
854322.176 829779.593
Suspect458
159054.102 371204.498
159110.593 371248.585
159151.845 371292.342
159165.881 371233.900
Suspect459
58593.827 581573.393
58569.202 581619.096
58653.339 581575.486
58748.881 581552.374
Suspect460
724065.242 777027.379
724032.627 776981.193
724095.172 776945.305
724149.485 776936.084
Suspect461
895686.674 892256.388
895624.089 892211.101
895684.707 892213.515
895720.162 892154.584
Suspect462
373553.118 989114.502
373598.057 989163.924
373591.175 989247.794
373644.674 989173.790
Suspect463
746720.507 948018.574
746771.383 948064.005
746680.469 948049.921
746649.845 948099.117
Suspect464
298738.349 471955.596
298726.175 471906.859
298696.493 471976.945
298734.862 472031.122
Suspect465
281196.955 219715.122
281274.300 219672.800
281270.200 219601.237
281181.236 219589.521
Suspect466
116394.076 925088.763
116346.984 925061.417
116298.488 925085.257
116242.666 925147.894
Suspect467
746651.617 700985.183
746577.033 700971.238
746646.557 700969.537
746582.797 700937.355
Suspect468
961356.115 539496.305
961371.414 539440.119
961444.706 539406.050
961476.124 539316.236
Suspect469
172928.890 439545.314
172872.237 439574.811
172825.006 439543.496
172888.892 439586.689
Suspect470
19662.590 250201.667
19720.107 250171.947
19736.063 250233.301
19745.744 250327.971
Suspect471
575905.276 67149.442
575819.208 67140.929
575729.429 67113.384
575740.103 67210.991
Suspect472
639908.855 151433.133
639851.118 151439.728
639816.049 151397.575
639818.601 151451.793
Suspect473
716263.359 508377.063
716227.579 508337.481
716198.038 508384.667
716220.234 508440.462
Suspect474
38627.000 706132.828
38554.551 706160.211
38490.820 706100.759
38424.632 706068.961
Suspect475
716295.423 295478.344
716264.540 295570.307
716259.905 295617.283
716220.608 295582.383
Suspect476
951309.597 809520.359
951302.263 809454.714
951334.963 809390.992
951254.968 809391.564
Suspect477
708114.739 941873.177
708206.512 941842.578
708157.013 941861.779
708109.202 941878.476
Suspect478
79648.735 361611.063
79616.083 361526.980
79619.169 361434.232
79624.506 361497.303
Suspect479
380392.854 906576.552
380446.381 906586.805
380352.329 906600.088
380315.077 906634.152
Suspect480
523903.159 267114.198
523904.980 267034.459
523894.359 267107.070
523966.892 267121.031
Suspect481
777186.683 735160.168
777189.618 735223.196
777151.408 735181.436
777106.667 735240.371
Suspect482
645036.915 126397.884
645010.127 126477.949
645046.408 126418.130
645071.748 126363.803
Suspect483
492480.211 548836.128
492426.443 548792.699
492365.385 548804.631
492444.139 548840.062
Suspect484
942127.084 491771.532
942173.819 491809.540
942248.829 491763.012
942232.123 491683.021
Suspect485
505522.118 356225.259
505619.340 356207.137
505567.030 356222.561
505512.109 356203.915
Suspect486
179039.059 939516.054
179090.839 939596.517
179101.068 939663.166
179113.317 939731.974
Suspect487
207316.829 181383.183
207288.270 181340.868
207339.497 181380.323
207398.716 181393.209
Suspect488
230379.939 986991.453
230370.009 986900.503
230288.925 986850.794
230249.140 986899.551
Suspect489
696971.945 77904.435
696908.717 77873.338
696916.207 77930.690
696869.006 77972.235
Suspect490
760838.521 453505.560
760792.072 453557.467
760858.488 453549.099
760903.724 453627.080
Suspect491
716189.012 295620.220
716274.044 295607.179
716181.135 295575.200
716179.069 295579.517
Suspect492
559843.902 77259.633
559923.577 77257.837
559964.968 77216.630
560033.286 77265.654
Suspect493
23112.161 880398.918
23112.668 880482.961
23037.045 880517.838
22967.811 880498.252
Suspect494
168039.164 904344.092
168047.200 904403.535
168118.656 904372.077
168030.849 904352.872
Suspect495
912693.709 676682.223
912782.071 676664.494
912804.979 676612.198
912826.836 676553.520
Suspect496
795917.867 474187.948
795983.432 474159.473
795932.133 474238.664
795871.853 474294.126
Suspect497
11658.080 526730.330
11711.164 526663.494
11657.890 526618.443
11602.611 526599.033
Suspect498
944149.255 993141.041
944171.180 993064.146
944174.541 993008.881
944146.041 993060.559
Suspect499
767827.888 608034.667
767813.341 608096.848
767863.736 608071.101
767813.651 608139.167
