451993.341 332612.931
2 500
Suspect0
452295.027 332567.673
452266.531 332511.195
452280.092 332604.799
452234.827 332627.773
452227.279 332705.953
452157.169 332671.479
452236.287 332647.470
452169.287 332637.988
452223.527 332636.510
452300.584 332592.257
452247.534 332574.028
452306.851 332572.304
452240.530 332500.648
452175.474 332553.326
452161.142 332602.548
452224.926 332648.132
452163.025 332676.915
452141.841 332728.811
452106.033 332778.241
452118.762 332828.635
452176.255 332787.457
452098.949 332826.265
452178.397 332822.368
452261.790 332799.188
452201.666 332799.934
452170.306 332725.078
452115.649 332742.040
452064.472 332807.520
452101.224 332884.734
452149.118 332852.348
452109.014 332807.025
452034.892 332795.277
451996.358 332730.905
451927.578 332748.680
451948.196 332806.101
451947.116 332738.536
451858.594 332735.573
451803.758 332744.005
451782.316 332682.407
451855.512 332649.410
451824.862 332706.215
451870.345 332765.677
451912.017 332693.598
451923.286 332616.152
451957.236 332567.218
452000.439 332601.963
452079.820 332574.746
452130.753 332632.342
452049.355 332633.019
452102.161 332648.179
452060.529 332734.840
451980.231 332746.900
452026.738 332660.967
452092.506 332631.150
452181.306 332617.791
452143.685 332678.622
452219.826 332654.129
452153.231 332607.742
452215.997 332590.173
452236.724 332650.305
452222.387 332599.352
452168.735 332599.305
452140.775 332649.838
452153.227 332736.514
452092.824 332792.504
452174.081 332750.472
452119.940 332796.454
452125.941 332707.248
452215.253 332747.645
452278.641 332735.259
452284.980 332674.995
452220.217 332678.353
452313.210 332706.445
452387.117 332724.393
452331.753 332729.524
452319.065 332669.126
452331.496 332608.824
452311.070 332513.249
452367.428 332563.296
452419.090 332638.462
452372.175 332677.052
452381.794 332748.759
452293.273 332704.729
452359.720 332777.766
452322.361 332691.549
452375.876 332638.301
452372.105 332701.317
452390.773 332757.475
452429.491 332816.465
452494.380 332884.387
452420.637 332870.678
452350.128 332903.273
452256.073 332905.323
452235.253 332969.054
452226.630 332917.013
452322.058 332918.076
452269.559 332918.278
452332.682 332897.936
452337.045 332982.116
452356.806 332898.360
452280.032 332905.233
452223.050 332921.640
452180.947 332960.489
452248.249 332987.180
452190.105 332961.779
452117.769 333012.506
452180.555 332985.763
452098.475 332948.787
452040.005 333013.073
452028.973 332923.609
452040.533 332832.025
451952.919 332818.717
452019.474 332857.687
452031.628 332795.132
452065.598 332753.731
452033.318 332814.842
452098.157 332788.960
452063.766 332713.885
451988.812 332702.674
452067.821 332716.828
452011.699 332742.694
452006.028 332692.946
452040.392 332632.779
452073.110 332589.889
452147.247 332570.153
452118.444 332484.751
452053.495 332522.211
452027.046 332574.306
451995.739 332500.221
452019.315 332572.582
452048.543 332620.184
452054.875 332529.004
452056.602 332445.511
451977.275 332391.231
451886.278 332378.768
451900.013 332442.846
451940.805 332528.320
452026.348 332550.561
451952.931 332591.880
451972.692 332588.651
451923.323 332596.974
451886.687 332523.621
451968.853 332503.381
452005.842 332572.801
451943.070 332631.391
451948.725 332557.096
452041.892 332549.516
452109.789 332556.894
452079.416 332473.918
452131.933 332412.560
452145.144 332474.276
452138.281 332534.876
452153.089 332609.098
452110.136 332650.060
452091.860 332589.162
452175.783 332573.996
452199.650 332529.439
452260.460 332535.143
452193.320 332560.373
452163.780 332495.321
452236.906 332448.474
452178.163 332507.503
452205.060 332562.083
452242.964 332652.754
452216.784 332608.244
452229.457 332530.393
452237.524 332624.489
452249.774 332544.688
452197.076 332569.494
452192.820 332489.933
452230.050 332561.226
452275.742 332606.971
452228.995 332650.012
452273.764 332605.954
452289.337 332683.993
452317.357 332728.951
452292.675 332797.385
452365.615 332838.001
452394.239 332779.594
452335.937 332806.639
452315.001 332878.915
452281.755 332954.193
452299.054 332906.020
452337.412 332861.762
452267.804 332842.394
452225.092 332887.067
452263.348 332851.720
452326.443 332843.265
452265.009 332792.996
452228.705 332847.225
452162.184 332807.484
452207.403 332763.013
452244.599 332673.007
452265.346 332587.036
452323.479 332515.723
452278.025 332484.973
452243.584 332439.945
452238.523 332371.976
452269.926 332307.350
452241.801 332258.942
452183.218 332335.475
452232.113 332358.190
452171.685 332356.043
452223.734 332340.275
452297.853 332372.693
452370.113 332313.175
452287.142 332284.628
452366.164 332338.465
452407.626 332385.288
452465.803 332362.567
452503.623 332427.067
452552.695 332495.884
452482.690 332460.438
452508.961 332523.522
452530.993 332473.949
452523.751 332535.330
452516.684 332451.715
452577.740 332486.793
452508.788 332490.452
452446.950 332507.208
452410.056 332470.935
452428.657 332522.360
452374.303 332527.074
452396.454 332471.649
452312.227 332479.025
452348.782 332532.353
452419.685 332543.194
452413.982 332470.026
452368.013 332439.851
452420.098 332505.126
452439.671 332597.099
452518.491 332630.049
452490.213 332689.636
452444.235 332742.937
452499.452 332804.574
452582.327 332833.129
452674.663 332811.381
452692.885 332882.713
452761.077 332885.243
452748.755 332832.739
452818.610 332777.341
452870.652 332811.044
452900.503 332753.185
452979.084 332721.714
453056.322 332713.108
453101.216 332750.683
453137.849 332711.651
453100.509 332766.495
453038.939 332801.673
453125.678 332841.075
453188.943 332800.680
453228.009 332752.997
453200.693 332821.059
453142.208 332828.077
453185.032 332873.791
453133.115 332903.807
453132.071 332848.224
453050.803 332794.160
453115.388 332806.395
453075.693 332880.293
453121.202 332953.946
453060.738 332927.265
453089.849 332859.461
453136.341 332936.414
453154.514 332989.577
453123.714 333058.760
453192.513 333087.053
453209.753 333180.613
453122.909 333222.375
453107.168 333160.788
453077.048 333104.510
453159.231 333065.135
453098.137 333018.378
453171.848 333047.536
453114.533 333107.602
453114.020 333053.798
453086.508 333142.231
453124.392 333190.598
453103.154 333257.186
453036.793 333294.885
453108.830 333360.075
453139.057 333446.838
453078.153 333474.065
453021.181 333423.491
453073.941 333354.886
453011.336 333322.072
453055.165 333282.502
453012.576 333323.450
453019.004 333412.888
453080.790 333446.336
453056.225 333499.128
453099.049 333441.000
453132.368 333502.428
453210.517 333548.320
453277.996 333572.008
453296.485 333639.459
453214.814 333584.588
453272.166 333590.620
453217.114 333574.261
453246.698 333506.051
453174.119 333566.468
453202.193 333486.131
453158.076 333545.372
453251.385 333536.565
453304.570 333517.315
453286.014 333567.360
453297.982 333513.752
453341.551 333473.793
453328.194 333527.774
453389.797 333494.941
453421.400 333415.240
453375.433 333436.745
453427.108 333414.857
453447.967 333364.433
453537.436 333328.277
453516.802 333394.691
453562.815 333321.697
453473.648 333336.655
453513.379 333388.885
453492.431 333477.778
453546.765 333511.077
453505.503 333482.424
453566.832 333515.734
453551.264 333442.019
453550.810 333508.617
453490.281 333536.942
453553.291 333567.664
453517.976 333529.299
453430.522 333520.179
453502.500 333573.335
453501.450 333502.552
453573.072 333456.599
453660.173 333457.977
453605.444 333418.978
453623.108 333490.986
453577.937 333453.156
453649.864 333404.258
453608.173 333442.855
453645.545 333478.372
453701.617 333553.908
453650.941 333611.728
453672.712 333560.003
453715.062 333609.206
453791.228 333665.889
453816.351 333744.735
453862.540 333705.043
453768.675 333681.687
453781.002 333594.482
453857.416 333545.177
453924.080 333516.645
454014.356 333524.615
454038.082 333449.348
453978.188 333425.662
453950.752 333510.586
454013.453 333462.046
453944.045 333499.545
453887.456 333497.541
453933.814 333559.992
453872.761 333629.930
453885.401 333713.622
453982.309 333728.683
454051.506 333687.824
453979.530 333745.362
453886.446 333775.544
453856.495 333851.183
453937.963 333880.512
453858.703 333913.529
453897.874 333994.583
453823.880 334022.979
453907.098 334068.518
453940.569 334121.760
454014.001 334130.433
454020.438 334202.412
454078.654 334233.358
454056.009 334166.444
454111.521 334198.150
454172.752 334254.753
454204.139 334318.513
454212.397 334413.580
454174.212 334462.395
454118.213 334493.920
454080.832 334437.307
454126.358 334415.108
454144.295 334345.008
454131.219 334281.369
454095.135 334219.652
454017.283 334270.162
453998.021 334211.854
454026.358 334260.090
454027.331 334178.752
453956.990 334208.367
453935.308 334291.025
453978.653 334254.120
453946.048 334198.064
453894.312 334223.945
453819.617 334268.901
453870.410 334230.069
453914.375 334283.384
453989.776 334221.582
454050.949 334145.211
454091.460 334191.557
454049.446 334160.933
454110.264 334189.172
454125.392 334114.508
454055.255 334082.418
454120.941 334091.267
454119.407 334180.628
454193.720 334242.713
454103.115 334281.688
454051.575 334329.502
453973.934 334285.507
454067.227 334268.903
454135.440 334314.914
454072.760 334350.530
454029.886 334423.374
453931.389 334414.784
454013.579 334456.513
453983.650 334413.919
454048.113 334402.410
454012.040 334322.319
454014.522 334409.827
454052.650 334373.598
453968.385 334392.538
453989.614 334312.380
453992.783 334373.645
453948.138 334348.521
453909.761 334279.671
453983.671 334261.472
453915.865 334242.669
453994.687 334235.485
454004.045 334151.302
454017.331 334062.160
454047.320 334019.697
454022.475 333944.431
454070.115 333960.362
454042.609 333873.796
453997.801 333819.625
454048.154 333891.929
454000.615 333874.163
454036.560 333938.054
454102.565 333980.179
454085.092 334042.050
454054.143 334097.330
454030.041 334159.428
454007.993 334104.483
454012.694 334174.542
453967.037 334244.127
453969.575 334184.386
453968.608 334234.593
454002.901 334189.895
453979.087 334254.132
454035.396 334274.644
454051.902 334326.395
453978.628 334350.695
454066.897 334321.699
454003.080 334315.700
454004.932 334369.492
454065.576 334395.372
453997.984 334406.384
453930.090 334359.324
453973.983 334321.751
454041.605 334340.122
454040.500 334419.361
454076.369 334478.196
454020.664 334533.547
454049.928 334492.099
454125.395 334495.996
454156.538 334552.974
454248.496 334551.430
454207.822 334614.040
454299.589 334625.503
454235.524 334550.137
454303.923 334480.931
454376.684 334464.628
454425.799 334499.757
454495.673 334488.185
454455.881 334441.521
454377.850 334420.503
454340.290 334457.582
454409.235 334455.025
454355.600 334390.901
454314.295 334327.795
454349.442 334381.241
454362.683 334434.230
454316.783 334407.764
454338.770 334359.735
454277.629 334422.895
454287.046 334490.409
454277.405 334403.537
454307.008 334362.061
454264.980 334400.010
454237.204 334459.766
454301.023 334492.788
454306.693 334568.153
454348.369 334648.931
454274.660 334635.270
454315.011 334667.993
454240.353 334731.318
454260.676 334785.711
454325.331 334717.573
Suspect1
467132.621 470591.796
467075.155 470661.387
467017.678 470676.989
467088.358 470717.660
467139.763 470650.061
467192.775 470655.508
467153.924 470601.912
467135.022 470522.183
467118.507 470573.115
467161.362 470499.520
467107.529 470483.185
467163.750 470497.707
467114.116 470534.051
467182.404 470511.983
467120.322 470553.078
467103.673 470504.912
467174.309 470475.397
467208.207 470430.505
467248.988 470357.248
467285.846 470321.142
467316.114 470367.359
467328.294 470306.209
467343.277 470238.932
467280.681 470271.849
467319.562 470315.072
467279.604 470247.709
467305.847 470166.640
467274.360 470093.421
467249.685 470032.179
467302.694 469974.266
467369.006 469941.248
467440.190 469956.517
467507.799 470002.671
467502.842 470072.132
467492.104 470128.988
467524.279 470194.353
467609.721 470186.209
467561.516 470227.212
467560.061 470295.624
467535.263 470239.641
467554.434 470297.061
467551.386 470212.893
467547.084 470156.340
467509.108 470215.738
467439.339 470206.716
467352.764 470236.435
467434.097 470193.463
467432.212 470246.742
467334.962 470243.706
467366.217 470155.395
467272.858 470146.561
467317.757 470075.254
467370.131 470010.699
467309.074 469988.533
467244.554 470005.692
467328.832 470042.237
467374.240 470066.297
467400.115 470004.479
467343.381 470010.886
467288.251 469934.973
467256.077 470027.158
467314.508 470012.022
467397.853 470045.554
467453.841 470065.105
467374.986 470008.336
467452.566 470023.280
467405.876 469977.198
467357.326 469998.137
467411.953 470041.612
467365.392 470108.783
467447.678 470159.274
467499.882 470149.052
467524.050 470056.355
467454.068 470094.227
467510.638 470111.818
467552.829 470176.021
467542.919 470116.274
467482.327 470157.948
467502.882 470249.884
467574.450 470267.152
467614.763 470309.098
467543.878 470264.654
467604.957 470230.540
467557.363 470252.824
467491.454 470191.978
467491.060 470119.130
467499.486 470059.734
467443.675 470008.141
467405.656 470051.342
467374.443 470115.322
467404.441 470050.959
467456.587 470092.773
467520.008 470155.023
467502.317 470073.253
467503.680 470006.967
467460.951 470063.406
467427.231 470109.758
467426.873 470172.181
467491.270 470187.075
467444.621 470147.825
467487.833 470085.430
467397.973 470079.508
467468.253 470080.217
467439.738 470174.541
467398.629 470117.141
467435.299 470151.858
467428.239 470202.218
467369.325 470202.993
467427.523 470265.136
467440.887 470349.672
467510.379 470384.888
467456.521 470369.854
467369.661 470383.689
467396.281 470437.838
467381.881 470503.419
467386.723 470440.829
467455.268 470469.354
467473.346 470562.063
467459.759 470630.849
467502.332 470559.532
467431.181 470617.565
467463.858 470673.381
467540.222 470647.268
467481.155 470702.263
467406.387 470684.345
467366.141 470731.443
467319.894 470767.404
467285.722 470709.949
467233.826 470776.225
467163.262 470803.241
467167.334 470901.780
467110.994 470865.286
467168.382 470799.935
467117.417 470738.721
467068.916 470724.557
467008.230 470800.988
466955.621 470789.144
466925.675 470701.237
466898.292 470646.588
466817.967 470694.468
466734.796 470730.885
466670.794 470670.608
466689.782 470578.423
466636.754 470504.999
466586.325 470527.994
466611.705 470450.665
466557.636 470404.301
466631.679 470356.121
466699.797 470323.268
466683.926 470381.252
466719.728 470303.081
466715.758 470369.959
466744.979 470295.723
466748.990 470394.503
466801.841 470412.041
466775.290 470366.556
466699.434 470321.353
466702.220 470265.258
466654.035 470282.668
466734.292 470242.239
466810.182 470201.086
466795.926 470142.195
466774.479 470195.880
466860.063 470223.365
466933.981 470230.183
466915.744 470299.625
466977.557 470361.812
466904.706 470380.478
466834.502 470365.310
466827.398 470461.088
466861.802 470509.750
466820.638 470443.378
466876.617 470466.012
466872.943 470517.015
466863.835 470613.103
466851.865 470703.521
466848.093 470758.220
466807.919 470725.262
466848.111 470641.757
466766.015 470611.119
466777.879 470679.815
466701.398 470721.297
466667.722 470672.655
466735.317 470610.583
466698.089 470520.119
466773.373 470538.753
466699.292 470529.839
466663.083 470438.569
466726.721 470495.785
466820.262 470526.770
466776.153 470499.909
466858.094 470465.362
466890.157 470373.266
466836.057 470403.804
466859.209 470326.122
466914.386 470367.932
466823.844 470369.918
466736.328 470383.306
466772.800 470443.168
466791.497 470493.457
466798.325 470546.878
466826.647 470497.682
466757.010 470566.874
466700.767 470642.002
466675.629 470693.505
466607.005 470721.447
466605.770 470805.250
466665.318 470807.849
466667.052 470749.619
466625.071 470826.489
466676.654 470788.739
466641.275 470724.968
466595.988 470768.428
466626.712 470719.201
466569.541 470642.845
466586.762 470588.276
466548.042 470524.592
466537.880 470594.780
466598.518 470640.161
466558.095 470685.663
466614.798 470664.807
466580.941 470720.908
466645.376 470664.783
466731.711 470673.080
466679.737 470728.573
466701.220 470682.238
466746.615 470653.107
466827.725 470638.197
466897.402 470644.471
466867.423 470712.785
466868.296 470775.254
466932.772 470808.535
466977.447 470750.190
467027.541 470749.995
467087.228 470735.106
467024.863 470681.104
466958.358 470648.785
466945.190 470589.414
466858.429 470628.516
466878.294 470575.506
466832.808 470611.582
466913.793 470565.740
466987.084 470597.248
467040.696 470658.406
466967.537 470705.225
466983.645 470786.369
466934.860 470817.609
466976.310 470771.539
467041.392 470818.227
466958.143 470783.061
467046.556 470823.620
466978.933 470846.247
467057.116 470847.183
467023.245 470930.230
467111.200 470897.229
467081.678 470853.815
467083.260 470757.704
467073.779 470666.601
467025.207 470584.262
466976.537 470533.689
467038.341 470505.521
467017.937 470444.509
467001.788 470498.410
467015.089 470558.745
466923.041 470593.761
466875.051 470570.607
466835.082 470533.553
466837.619 470595.767
466787.825 470653.187
466716.415 470610.140
466671.092 470573.004
466617.268 470520.722
466555.037 470520.644
466569.735 470595.575
466656.078 470547.485
466568.784 470588.928
466657.138 470629.613
466621.246 470696.826
466570.675 470712.774
466519.853 470775.008
466523.596 470851.641
466575.788 470880.183
466527.125 470939.617
466553.997 471011.854
466476.678 471010.867
466558.325 470973.920
466630.693 470998.618
466660.226 471060.832
466758.575 471064.412
466780.988 471127.525
466842.925 471144.321
466792.271 471156.629
466737.257 471182.668
466787.297 471160.938
466770.485 471100.130
466826.451 471087.650
466910.645 471082.627
466914.501 471146.212
466894.058 471196.806
466827.818 471270.067
466752.360 471210.749
466791.868 471254.384
466841.920 471191.490
466896.715 471214.869
466824.375 471268.184
466773.305 471219.497
466705.795 471166.440
466698.474 471235.293
466764.372 471236.543
466735.173 471169.659
466688.077 471237.113
466630.327 471181.352
466586.379 471223.716
466611.862 471298.389
466609.500 471206.664
466667.956 471210.057
466719.400 471242.331
466795.410 471277.683
466741.389 471344.389
466694.682 471378.448
466688.950 471459.533
466758.804 471518.698
466818.169 471587.917
466906.970 471546.241
466859.554 471471.474
466796.590 471509.396
466735.818 471502.890
466670.423 471467.626
466618.943 471423.691
466626.593 471493.010
466581.341 471522.747
466648.219 471566.474
466632.526 471486.450
466605.296 471429.411
466562.732 471341.726
466631.726 471367.634
466569.544 471338.888
466556.469 471284.720
466611.395 471272.596
466605.976 471355.510
466669.025 471315.441
466680.752 471365.053
466746.409 471307.936
466735.999 471216.333
466795.289 471211.303
466824.809 471256.799
466885.259 471251.524
466957.798 471317.257
467048.972 471316.044
467081.675 471370.679
467158.247 471375.730
467146.351 471469.496
467218.620 471405.830
467296.084 471360.846
467257.812 471438.938
467269.628 471491.499
467313.704 471461.358
467310.330 471514.973
467227.585 471483.548
467279.984 471426.200
467258.238 471366.397
467327.418 471351.776
467358.144 471304.862
467397.558 471373.076
467419.771 471289.018
467365.602 471307.215
467403.024 471365.050
467328.456 471365.629
467352.404 471294.990
467423.277 471265.350
467397.355 471198.867
467325.007 471161.257
467302.118 471099.338
467382.429 471042.548
467393.133 471132.751
467441.464 471198.926
467501.934 471154.910
467491.952 471096.788
467573.072 471086.487
467588.466 471140.204
467611.799 471227.901
467658.782 471187.063
467617.233 471274.861
467536.158 471251.584
467471.719 471179.562
467480.150 471239.183
467415.653 471284.858
467452.944 471249.888
467445.345 471191.322
467542.119 471185.014
467472.185 471125.547
467504.339 471085.453
467562.289 471105.401
467538.658 471011.576
467529.878 471080.017
467476.731 471020.743
467469.400 470948.709
467479.445 471000.858
467528.430 471049.642
467596.941 471008.437
467544.077 471073.502
467543.170 471141.124
467456.574 471149.156
467386.432 471104.256
467326.510 471046.767
467238.992 471069.679
467325.473 471113.232
467275.939 471160.849
467197.603 471182.364
467226.332 471129.243
467302.456 471090.913
467372.473 471133.349
467308.016 471084.003
467326.014 471009.857
467402.212 470966.504
467332.252 470997.939
467361.863 470924.249
467264.570 470921.006
467270.957 470860.825
467186.006 470845.670
467225.215 470894.549
467251.899 470940.530
467190.115 470911.416
467127.256 470934.918
467184.930 470971.058
467192.028 471052.511
467201.082 471105.509
467105.710 471112.348
467016.931 471147.700
467102.603 471138.854
467076.203 471222.383
467145.179 471280.331
467191.234 471325.711
467205.188 471260.555
467224.497 471354.262
467171.485 471338.706
467102.762 471347.019
467154.430 471336.583
467176.292 471256.395
467105.878 471191.312
467069.637 471132.355
467071.380 471218.799
466998.471 471229.295
466941.400 471304.858
466998.889 471362.378
467082.572 471342.062
467143.428 471301.604
467139.569 471390.428
467067.907 471428.558
467049.530 471364.610
466970.474 471337.482
466884.514 471362.497
466883.847 471296.197
466957.908 471324.244
466904.952 471292.925
466961.726 471309.620
467014.805 471291.378
466936.440 471303.216
466930.195 471368.759
466883.938 471447.060
466941.050 471423.379
466870.483 471372.938
466800.316 471392.981
466831.751 471343.458
466838.030 471272.164
466748.655 471282.293
466813.117 471317.169
466835.274 471393.531
466829.079 471334.191
466749.828 471311.281
466673.557 471252.648
466624.258 471277.044
466577.186 471353.188
466585.776 471451.555
466640.935 471410.947
466735.405 471430.804
466783.477 471407.239
466758.990 471335.871
466818.016 471344.098
466878.356 471392.242
466840.731 471457.420
466901.627 471432.185
466917.986 471375.717
466885.793 471461.432
466938.527 471426.183
466920.324 471494.736
466927.638 471552.857
466917.155 471641.783
466890.128 471592.958
466926.475 471671.240
466958.560 471715.562
467053.930 471740.425
466994.013 471721.481
466902.242 471752.586
466835.834 471716.384
466779.614 471736.284
466848.893 471673.351
466858.710 471621.056
466853.445 471548.998
466774.475 471542.851
