716082.986 566853.947
500 2
Suspect0
849194.686 825923.603
849110.363 825942.401
Suspect1
103899.530 353198.966
103840.190 353125.533
Suspect2
133687.546 805902.023
133631.160 805965.349
Suspect3
876908.604 989847.656
876966.150 989812.662
Suspect4
536814.049 177093.623
536856.823 177056.074
Suspect5
333878.863 343289.870
333818.901 343278.389
Suspect6
716114.339 566818.660
716057.892 566842.404
Suspect7
308742.694 369994.936
308782.226 369912.782
Suspect8
104121.093 223837.352
104061.856 223868.075
Suspect9
229750.878 158481.648
229694.241 158462.350
Suspect10
862730.073 419441.644
862817.299 419458.316
Suspect11
65653.886 398525.119
65590.354 398567.504
Suspect12
907293.060 476447.016
907387.284 476460.567
Suspect13
490466.459 184977.233
490520.660 184903.796
Suspect14
959161.091 83489.519
959225.531 83443.554
Suspect15
642991.293 502754.800
642901.555 502713.069
Suspect16
340364.227 858692.367
340414.958 858749.749
Suspect17
548599.006 542298.094
548516.013 542351.663
Suspect18
821274.488 564883.826
821225.842 564846.839
Suspect19
185645.193 190917.420
185675.776 191002.774
Suspect20
966092.871 994599.731
966035.806 994560.701
Suspect21
380388.926 199804.378
380350.644 199738.006
Suspect22
848137.523 843818.499
848133.267 843907.752
Suspect23
555605.483 664718.672
555662.641 664709.838
Suspect24
462159.778 134055.537
462192.273 134011.263
Suspect25
217540.949 906224.817
217609.241 906160.097
Suspect26
68374.523 121370.899
68441.613 121399.444
Suspect27
596758.841 691482.334
596713.583 691547.496
Suspect28
67442.245 160708.036
67539.625 160690.500
Suspect29
229725.546 243243.705
229682.431 243182.551
Suspect30
472792.170 953107.788
472713.871 953129.543
Suspect31
414240.059 262769.549
414189.801 262742.617
Suspect32
152560.603 785672.445
152530.112 785741.297
Suspect33
343231.609 522338.740
343158.515 522368.959
Suspect34
434793.169 339261.932
434861.644 339293.192
Suspect35
533846.365 621044.689
533856.651 620949.670
Suspect36
473809.436 961982.050
473815.864 962075.272
Suspect37
653564.546 546385.199
653500.089 546343.921
Suspect38
670757.556 828394.664
670712.282 828333.484
Suspect39
499406.640 436156.945
499367.186 436109.041
Suspect40
26031.707 481485.880
26031.165 481432.619
Suspect41
222791.987 723361.241
222783.253 723439.857
Suspect42
314640.866 8842.348
314645.697 8904.172
Suspect43
689630.183 894851.493
689543.053 894844.497
Suspect44
547688.770 673901.045
547777.077 673933.362
Suspect45
416696.763 766560.361
416758.326 766509.423
Suspect46
84358.582 610877.855
84442.124 610906.162
Suspect47
890842.564 229219.741
890768.816 229241.193
Suspect48
650324.736 116985.887
650230.989 116973.552
Suspect49
332304.864 244036.202
332338.837 244074.559
Suspect50
202096.897 822400.657
202105.813 822334.763
Suspect51
716039.521 566854.668
716090.570 566883.542
Suspect52
287307.839 792922.281
287361.412 792910.650
Suspect53
549576.305 180382.757
549487.299 180416.276
Suspect54
332102.008 411450.568
332181.775 411465.665
Suspect55
716096.637 566818.296
716118.515 566833.909
Suspect56
563095.238 525106.837
563057.566 525160.544
Suspect57
736504.882 157813.611
736454.820 157825.852
Suspect58
716113.922 566831.185
716057.991 566836.262
Suspect59
424300.495 941397.704
424340.259 941440.915
Suspect60
139852.481 647517.790
139871.654 647461.463
Suspect61
98424.907 371322.452
98522.048 371310.397
Suspect62
152129.939 122775.773
152097.164 122823.783
Suspect63
290791.639 596057.750
290866.951 596064.842
Suspect64
428759.736 542347.607
428689.256 542368.662
Suspect65
986875.118 670882.560
986808.507 670862.459
Suspect66
746723.943 924771.226
746712.634 924846.967
Suspect67
942581.092 921725.482
942637.009 921718.146
Suspect68
106970.381 969722.012
106965.109 969624.452
Suspect69
343901.081 711394.999
343817.734 711358.996
Suspect70
671765.842 938320.532
671824.468 938307.925
Suspect71
899984.702 733187.450
900042.834 733137.545
Suspect72
804930.015 929180.176
804875.037 929118.045
Suspect73
637515.339 246587.768
637473.352 246500.878
Suspect74
790134.081 915839.516
790099.617 915910.824
Suspect75
617388.112 717404.737
617359.448 717355.182
Suspect76
212989.906 4412.824
212913.771 4395.058
Suspect77
294738.670 956842.332
294826.496 956856.689
Suspect78
552183.412 513348.350
552234.461 513287.612
Suspect79
123365.137 36523.082
123407.788 36469.065
Suspect80
855492.083 487486.110
855472.406 487553.802
Suspect81
989154.951 470793.021
989205.615 470735.617
Suspect82
115863.517 594167.891
115791.780 594197.206
Suspect83
8533.544 650820.495
8611.895 650828.503
Suspect84
14143.519 358600.323
14197.802 358645.755
Suspect85
402073.351 549749.988
402024.085 549720.099
Suspect86
477470.160 868268.575
477380.270 868287.410
Suspect87
445748.750 822804.232
445670.435 822793.615
Suspect88
200368.156 291823.491
200330.117 291873.860
Suspect89
699027.100 644693.235
699019.585 644595.603
Suspect90
89377.791 337028.484
89430.211 337102.976
Suspect91
736807.089 768552.238
736735.758 768502.765
Suspect92
987458.445 526186.414
987404.696 526216.003
Suspect93
788534.295 181092.661
788612.448 181035.260
Suspect94
992860.121 447728.475
992828.376 447783.906
Suspect95
970649.600 458526.852
970670.841 458466.596
Suspect96
955730.412 891720.195
955754.604 891779.398
Suspect97
36490.739 103567.245
36557.881 103574.668
Suspect98
77113.346 577931.729
77019.335 577946.711
Suspect99
750128.454 137471.452
750049.550 137412.349
Suspect100
977519.792 511462.737
977509.545 511542.270
Suspect101
497260.883 420404.128
497309.083 420428.307
Suspect102
689854.376 466965.786
689903.800 466982.393
Suspect103
597717.883 231633.040
597777.263 231637.899
Suspect104
73738.891 713156.545
73724.076 713254.305
Suspect105
891477.343 727215.794
891496.544 727148.695
Suspect106
470373.787 490045.662
470457.942 490057.287
Suspect107
585122.135 941437.691
585176.681 941394.416
Suspect108
609847.253 478304.483
609787.227 478304.637
Suspect109
510755.938 959522.292
510670.795 959549.658
Suspect110
952682.091 230146.209
952624.590 230193.881
Suspect111
947553.142 978877.110
947579.533 978801.182
Suspect112
716106.046 566877.721
716105.842 566884.697
Suspect113
925802.221 721585.727
925779.348 721640.166
Suspect114
643553.176 375166.960
643494.058 375133.322
Suspect115
601248.817 480297.069
601246.112 480370.245
Suspect116
928966.139 124085.085
928888.725 124072.944
Suspect117
505564.803 606612.829
505560.016 606553.301
Suspect118
237091.918 675951.032
237078.837 676048.641
Suspect119
316524.187 213870.307
316594.799 213805.452
Suspect120
744425.583 132427.720
744360.031 132479.530
Suspect121
761252.522 333612.692
761222.641 333539.648
Suspect122
78353.419 84280.737
78408.866 84270.537
Suspect123
390501.965 411471.870
390568.006 411500.916
Suspect124
166385.692 41660.985
166316.800 41683.471
Suspect125
716104.501 566869.854
716116.272 566883.588
Suspect126
681572.191 774211.721
681627.325 774199.188
Suspect127
945390.076 505698.972
945460.355 505639.465
Suspect128
847356.742 303858.080
847344.814 303807.394
Suspect129
40420.184 530742.944
40336.757 530749.703
Suspect130
269110.381 42097.486
269095.868 42014.407
Suspect131
803769.014 257477.375
803725.805 257544.185
Suspect132
164812.235 221957.312
164771.226 221909.422
Suspect133
153663.702 620046.363
153680.565 619952.228
Suspect134
476702.317 938537.368
476668.746 938588.747
Suspect135
680779.661 36390.089
680846.422 36362.719
Suspect136
758748.986 646532.576
758705.399 646619.081
Suspect137
430247.146 773934.816
430303.950 773895.186
Suspect138
187245.233 14245.906
187186.887 14260.344
Suspect139
55656.810 661634.198
55668.288 661691.126
Suspect140
861598.253 862063.281
861653.103 862093.879
Suspect141
204514.073 81612.136
204585.992 81619.181
Suspect142
305804.875 147055.320
305710.134 147050.783
Suspect143
162488.016 617219.739
162544.656 617180.856
Suspect144
698128.274 322912.386
698151.037 322968.103
Suspect145
603125.355 234093.487
603153.699 234034.149
Suspect146
716077.263 566806.212
716057.035 566819.574
Suspect147
876985.185 477757.165
877007.915 477802.525
Suspect148
250146.994 915618.459
250199.935 915600.119
Suspect149
593547.252 10137.975
593463.260 10155.450
Suspect150
324709.576 417986.858
324710.580 418042.487
Suspect151
978343.755 283892.293
978290.095 283834.439
Suspect152
223892.838 909097.236
223862.961 909037.669
Suspect153
863189.011 799160.802
863098.438 799132.950
Suspect154
760449.159 96894.743
760458.812 96834.551
Suspect155
776187.184 428199.638
776244.809 428195.577
Suspect156
111097.199 293344.856
111150.086 293283.612
Suspect157
29878.211 439333.036
29902.180 439244.380
Suspect158
165758.804 917620.476
165754.240 917546.016
Suspect159
172632.311 297655.373
172580.438 297653.749
Suspect160
571894.299 905474.043
571944.758 905541.339
Suspect161
506449.269 652572.991
506525.455 652595.171
Suspect162
2441.707 992121.971
2369.446 992114.443
Suspect163
13802.318 148215.573
13767.844 148178.092
Suspect164
572338.706 436329.316
572243.972 436317.688
Suspect165
186942.674 510546.511
187017.035 510554.313
Suspect166
240764.404 657027.766
240820.181 657005.479
Suspect167
271593.895 701415.672
271533.808 701493.246
Suspect168
797091.420 926548.394
797166.561 926574.304
Suspect169
445284.155 102210.505
445371.556 102249.281
Suspect170
861718.119 687847.905
861645.122 687838.743
Suspect171
586387.973 656181.415
586406.737 656105.739
Suspect172
602714.364 984025.786
602760.957 984090.557
Suspect173
956592.887 507574.841
956640.944 507661.190
Suspect174
330446.016 669661.005
330366.141 669626.440
Suspect175
235920.483 916663.453
235881.853 916699.111
Suspect176
180549.266 543365.562
180621.092 543334.465
Suspect177
600182.343 482498.005
600240.504 482520.765
Suspect178
16940.477 843399.702
16906.981 843319.600
Suspect179
616036.660 990227.309
616114.097 990200.608
Suspect180
907726.713 992793.516
907729.507 992857.627
Suspect181
614450.424 428277.510
614479.471 428337.209
Suspect182
865311.188 392364.328
865359.407 392329.631
Suspect183
370810.926 944301.252
370768.047 944345.331
Suspect184
455672.246 30131.444
455624.080 30112.705
Suspect185
616238.001 169991.524
616326.924 169958.922
Suspect186
719368.785 810353.376
719375.610 810301.006
Suspect187
392521.681 526604.989
392513.562 526674.615
Suspect188
97545.853 676818.950
97592.815 676853.244
Suspect189
70868.501 798993.105
70943.909 799024.089
Suspect190
599965.038 700805.670
600008.329 700745.837
Suspect191
26228.209 550351.726
26314.509 550369.363
Suspect192
809372.358 477601.542
809390.192 477671.855
Suspect193
303962.785 347654.104
304013.441 347666.223
Suspect194
898475.631 95608.616
898553.377 95595.543
Suspect195
959205.125 424337.484
959216.416 424273.697
Suspect196
194189.686 43385.823
194215.646 43428.985
Suspect197
182257.942 358400.988
182294.945 358327.797
Suspect198
901006.445 152733.300
901044.478 152651.205
Suspect199
452247.020 767400.714
452205.030 767464.537
Suspect200
974363.007 755896.264
974298.012 755904.279
Suspect201
158039.819 484280.100
157981.820 484258.758
Suspect202
289350.449 893616.098
289284.899 893608.214
Suspect203
777864.174 387556.828
777923.631 387617.547
Suspect204
794282.710 645149.802
794347.719 645077.388
Suspect205
470433.250 114735.090
470388.997 114696.601
Suspect206
277416.808 474213.359
277486.442 474227.922
Suspect207
969647.997 528181.221
969692.467 528122.163
Suspect208
353984.391 174398.721
354062.951 174372.694
Suspect209
926675.938 657974.988
926738.970 657923.827
Suspect210
835799.470 347914.272
835754.170 347939.969
Suspect211
716108.382 566869.114
716121.588 566882.151
Suspect212
922073.484 835424.340
922002.506 835393.476
Suspect213
530255.989 724735.499
530328.517 724726.244
Suspect214
716116.797 566885.567
716056.422 566883.732
Suspect215
336366.210 507155.357
336408.144 507111.242
Suspect216
793920.524 925351.048
793991.087 925330.167
Suspect217
156403.128 595519.656
156349.218 595574.905
Suspect218
462194.565 401563.754
462162.714 401492.700
Suspect219
605667.415 440475.547
605620.793 440436.382
Suspect220
635457.156 793014.852
635427.407 792932.410
Suspect221
681300.550 730982.291
681269.958 730930.404
Suspect222
35367.050 573788.177
35406.013 573866.822
Suspect223
515708.291 404740.789
515800.403 404730.056
Suspect224
267997.985 155263.287
268006.308 155196.115
Suspect225
19234.846 771265.250
19191.795 771329.505
Suspect226
432672.597 747162.509
432707.809 747094.868
Suspect227
844108.612 42554.042
844162.145 42601.455
Suspect228
716109.673 566812.469
716086.830 566900.627
Suspect229
882999.307 90767.039
882906.570 90783.839
Suspect230
436006.722 836042.637
436090.143 836068.754
Suspect231
610975.625 764070.922
610912.326 764027.488
Suspect232
157369.256 264141.062
157421.452 264203.703
Suspect233
307950.753 670014.007
307950.172 669936.931
Suspect234
464694.143 933503.293
464745.016 933575.398
Suspect235
853095.021 688919.584
853176.590 688903.915
Suspect236
306821.858 807100.655
306740.474 807104.382
Suspect237
478991.786 282138.217
478918.593 282149.076
Suspect238
293325.539 489601.768
293259.949 489615.249
Suspect239
904550.119 616373.797
904568.773 616301.713
Suspect240
596319.623 506072.099
596350.316 506027.351
Suspect241
152600.862 838013.574
152579.958 837957.058
Suspect242
70420.549 175143.110
70462.759 175221.392
Suspect243
400551.612 418326.656
400570.993 418239.889
Suspect244
169751.834 323810.951
169784.204 323861.421
Suspect245
382142.545 651059.056
382088.522 651071.862
Suspect246
444151.298 795298.081
444097.780 795342.757
Suspect247
86665.969 859618.914
86593.780 859638.496
Suspect248
854460.851 529769.017
854452.827 529843.708
Suspect249
559496.125 65035.042
559554.652 65100.452
Suspect250
918525.494 705016.369
918483.164 705055.169
Suspect251
155555.153 697128.255
155599.079 697153.639
Suspect252
860498.568 406033.233
860409.390 406054.089
Suspect253
437172.933 84430.547
437126.013 84458.591
Suspect254
827059.219 834796.119
827048.636 834742.590
Suspect255
232067.237 633515.699
232069.733 633568.307
Suspect256
711645.714 601356.304
711574.903 601384.441
Suspect257
8882.833 771388.357
8824.717 771419.938
Suspect258
813862.836 971859.801
813929.660 971872.783
Suspect259
410516.687 356860.647
410459.727 356910.746
Suspect260
93527.315 546394.647
93455.357 546352.513
Suspect261
373580.076 615496.860
373633.758 615563.967
Suspect262
60695.629 48231.831
60615.950 48243.973
Suspect263
716107.932 566896.146
716107.365 566884.289
Suspect264
215341.273 625628.836
215378.050 625706.628
Suspect265
56411.398 555529.382
56422.776 555452.812
Suspect266
74908.557 261347.008
74853.509 261303.390
Suspect267
716093.175 566888.973
716117.416 566836.897
Suspect268
131755.413 337517.150
131846.063 337522.272
Suspect269
407642.953 484467.696
407672.738 484546.493
Suspect270
705267.225 374224.575
705189.936 374245.026
Suspect271
167834.140 391477.072
167805.894 391394.215
Suspect272
716053.289 566828.415
716045.505 566864.065
Suspect273
69934.580 414354.307
70001.823 414337.479
Suspect274
359020.972 386852.488
358938.015 386869.326
Suspect275
626598.695 361406.737
626547.849 361350.802
Suspect276
518599.028 335090.330
518636.218 335052.037
Suspect277
805630.146 472949.161
805613.684 473022.009
Suspect278
633526.123 118998.587
633468.826 118928.395
Suspect279
528769.741 326327.361
528838.555 326258.923
Suspect280
413426.892 950399.113
413335.446 950364.304
Suspect281
770170.894 348255.022
770196.064 348179.972
Suspect282
699426.214 314195.660
699382.920 314228.275
Suspect283
471804.497 296591.576
471760.144 296529.076
Suspect284
408508.939 786916.950
408501.355 786858.128
Suspect285
850941.716 348415.339
850973.897 348507.363
Suspect286
836675.975 515867.077
836745.293 515864.006
Suspect287
908880.826 722296.165
908891.829 722358.372
Suspect288
564238.164 364472.453
564158.749 364457.550
Suspect289
638763.015 91518.023
638835.888 91482.923
Suspect290
655186.687 240296.894
655147.948 240238.500
Suspect291
534589.417 916877.496
534531.397 916896.736
Suspect292
695533.530 246911.303
695628.635 246913.851
Suspect293
723601.796 763097.864
723616.729 763156.651
Suspect294
399585.976 848918.492
399613.256 848857.094
Suspect295
845845.098 72981.794
845918.766 73009.582
Suspect296
345688.519 36144.841
345603.430 36156.917
Suspect297
669433.264 309938.113
669376.769 309953.152
Suspect298
842040.706 609138.173
841979.938 609159.596
Suspect299
104864.130 784840.578
104796.539 784859.057
Suspect300
817414.447 790100.247
817459.722 790176.687
Suspect301
529367.589 440319.261
529422.076 440317.467
Suspect302
970205.200 763303.839
970159.561 763339.347
Suspect303
716044.915 566828.523
716097.516 566830.511
Suspect304
854593.087 15326.670
854673.521 15345.449
Suspect305
297932.779 393201.964
297848.134 393251.674
Suspect306
524062.672 522506.023
524133.259 522528.312
Suspect307
121369.674 50490.619
121361.311 50581.343
Suspect308
338400.659 765159.853
338404.838 765096.142
Suspect309
954998.180 159205.484
954920.939 159215.548
Suspect310
544233.472 15033.361
544250.833 14978.122
Suspect311
25527.350 110673.350
25486.622 110617.899
Suspect312
731322.535 172316.861
731251.657 172249.283
Suspect313
429692.232 275751.950
429762.925 275685.917
Suspect314
570453.329 480383.475
570465.510 480447.947
Suspect315
716080.342 566828.330
716062.941 566885.718
Suspect316
628580.738 134268.615
628520.352 134298.691
Suspect317
758958.068 666261.641
758891.451 666232.960
Suspect318
261365.959 251085.682
261446.752 251093.232
Suspect319
407805.217 442774.709
407850.372 442859.993
Suspect320
716101.000 566829.414
716060.891 566870.274
Suspect321
645120.005 603110.558
645124.644 603199.899
Suspect322
346304.663 215925.152
346256.042 215906.003
Suspect323
437683.206 357030.121
437637.144 357097.961
Suspect324
906610.710 862118.002
906588.920 862031.456
Suspect325
823749.068 283441.578
823804.737 283417.218
Suspect326
528479.794 813030.553
528388.727 813066.827
Suspect327
841161.942 345983.939
841196.975 346021.912
Suspect328
100715.841 98116.487
100689.934 98179.397
Suspect329
816409.280 819444.989
816459.979 819467.467
Suspect330
419793.276 303918.766
419871.634 303945.072
Suspect331
448565.770 756364.128
448551.570 756275.265
Suspect332
974504.544 212399.329
974421.422 212404.933
Suspect333
965165.140 110133.112
965125.089 110102.514
Suspect334
377594.100 376880.850
377582.480 376964.664
Suspect335
432876.328 880317.547
432797.369 880334.625
Suspect336
476063.877 576429.318
475971.285 576455.337
Suspect337
959230.244 876715.142
959210.140 876808.784
Suspect338
236246.564 745256.093
236292.919 745299.914
Suspect339
70582.459 620438.508
70544.931 620396.638
Suspect340
975836.459 762342.124
975883.572 762279.715
Suspect341
969636.843 244506.807
969568.060 244501.984
Suspect342
290537.774 115992.136
290536.572 116044.694
Suspect343
777456.216 520121.359
777508.967 520111.602
Suspect344
251159.617 527045.989
251136.177 527117.975
Suspect345
754826.917 830681.305
754792.086 830622.168
Suspect346
796797.771 862265.474
796859.799 862235.910
Suspect347
21637.585 821986.443
21662.314 822042.496
Suspect348
155768.531 225861.131
155712.888 225894.011
Suspect349
486706.970 867921.309
486749.044 867881.192
Suspect350
38393.639 752732.195
38459.798 752700.853
Suspect351
741011.701 465786.798
740963.179 465870.831
Suspect352
980397.723 2897.098
980445.691 2913.179
Suspect353
121904.276 289539.722
121935.235 289484.777
Suspect354
804016.734 774548.661
803988.740 774612.976
Suspect355
232682.651 223335.922
232655.085 223293.769
Suspect356
702997.556 805562.379
703029.315 805642.646
Suspect357
999407.132 128394.411
999477.289 128447.226
Suspect358
960190.099 53122.507
960282.822 53154.448
Suspect359
716065.921 566807.864
716120.490 566855.694
Suspect360
752044.916 546966.985
752063.029 546903.044
Suspect361
39930.604 432524.158
39849.162 432512.291
Suspect362
118624.316 614590.241
118582.399 614562.276
Suspect363
563968.571 925984.065
563968.593 925920.334
Suspect364
643298.090 604956.149
643237.531 604878.054
Suspect365
248941.395 966964.332
248862.935 966984.482
Suspect366
297610.939 751032.280
297565.516 751056.570
Suspect367
253768.038 280191.261
253826.187 280159.339
Suspect368
455012.056 996871.315
455072.019 996804.611
Suspect369
740145.921 137476.928
740179.861 137550.183
Suspect370
716059.060 566880.332
716062.171 566825.095
Suspect371
85007.331 336310.703
85053.538 336258.052
Suspect372
860897.398 174079.394
860994.018 174085.120
Suspect373
600146.567 435394.978
600196.319 435437.413
Suspect374
982411.434 428835.873
982387.739 428747.053
Suspect375
896791.325 484173.138
896697.207 484143.096
Suspect376
777814.129 780129.661
777784.383 780193.662
Suspect377
239045.807 201588.364
239012.296 201633.567
Suspect378
162188.561 527065.080
162185.431 527159.798
Suspect379
976674.290 546781.742
976693.475 546831.695
Suspect380
476251.069 306586.836
476314.978 306592.051
Suspect381
696685.748 760162.659
696754.182 760192.884
Suspect382
349043.551 533865.724
349048.402 533923.237
Suspect383
716090.162 566806.602
716075.430 566884.359
Suspect384
638528.522 169567.869
638467.866 169492.284
Suspect385
102935.743 101643.181
102883.037 101563.065
Suspect386
569047.086 990337.236
569070.869 990244.874
Suspect387
359706.637 56268.253
359778.153 56287.334
Suspect388
390007.430 281425.599
389919.668 281466.041
Suspect389
684173.704 738662.819
684217.184 738595.972
Suspect390
733429.977 693579.059
733388.040 693612.027
Suspect391
574312.667 255599.646
574369.777 255531.022
Suspect392
716054.280 566845.106
716099.354 566830.343
Suspect393
686679.195 684489.112
686736.654 684556.390
Suspect394
311488.279 793236.700
311520.864 793320.660
Suspect395
26209.671 516517.510
26254.041 516479.876
Suspect396
63626.917 887900.724
63552.620 887901.748
Suspect397
740699.661 338486.497
740759.134 338477.342
Suspect398
797076.417 579458.588
797099.043 579520.422
Suspect399
99798.109 807343.826
99865.427 807286.677
Suspect400
238734.029 227121.574
238678.439 227061.761
Suspect401
160856.971 905029.811
160806.145 904998.756
Suspect402
405283.689 762238.468
405199.800 762209.857
Suspect403
704027.694 289017.919
704065.149 288936.789
Suspect404
246057.571 530046.480
246005.471 530125.919
Suspect405
905819.452 612321.848
905732.078 612277.814
Suspect406
933826.160 578807.107
933908.485 578802.231
Suspect407
716058.228 566832.809
716057.083 566847.386
Suspect408
57820.312 852104.051
57880.573 852091.437
Suspect409
281532.827 192305.639
281481.082 192322.630
Suspect410
520931.245 872654.073
520884.660 872611.379
Suspect411
602520.944 886107.839
602496.621 886050.118
Suspect412
143496.459 355002.266
143465.616 354930.310
Suspect413
627600.165 715308.458
627525.000 715337.212
Suspect414
825121.017 912439.798
825091.482 912495.200
Suspect415
160820.942 418026.836
160769.082 418070.343
Suspect416
935195.389 908582.378
935145.097 908540.280
Suspect417
86591.164 758073.664
86519.055 758083.536
Suspect418
771359.620 645418.446
771422.459 645356.255
Suspect419
816410.690 249879.878
816424.623 249815.038
Suspect420
241135.775 263384.987
241088.245 263353.695
Suspect421
429180.091 977908.733
429239.734 977963.971
Suspect422
716107.743 566838.936
716076.399 566818.765
Suspect423
92599.378 117599.202
92593.610 117670.213
Suspect424
12753.254 264113.762
12833.389 264122.158
Suspect425
29967.097 372097.905
29943.825 372050.533
Suspect426
879531.818 600447.874
879549.191 600352.602
Suspect427
783529.254 89869.823
783472.627 89900.112
Suspect428
422848.648 620844.894
422782.146 620864.495
Suspect429
50744.441 310417.871
50792.991 310390.198
Suspect430
470498.320 318426.403
470573.555 318481.932
Suspect431
67779.073 52940.074
67754.363 53012.177
Suspect432
917128.439 179565.063
917161.431 179616.788
Suspect433
862908.740 73942.373
862882.699 73893.079
Suspect434
77783.465 118416.296
77820.233 118361.896
Suspect435
317601.783 67064.738
317691.617 67046.460
Suspect436
665266.833 606110.174
665343.687 606084.372
Suspect437
283330.248 845595.204
283318.720 845546.057
Suspect438
765970.890 934951.584
765896.469 934956.109
Suspect439
410040.539 65681.648
409969.840 65633.027
Suspect440
809509.127 685040.135
809572.040 685038.854
Suspect441
788248.022 727470.428
788345.561 727472.632
Suspect442
93056.665 706987.032
92972.727 706953.862
Suspect443
870784.966 919995.921
870872.575 919983.060
Suspect444
975706.197 414130.706
975760.251 414082.769
Suspect445
942830.412 206938.893
942906.062 206896.812
Suspect446
210948.316 395720.638
210883.209 395646.538
Suspect447
61123.034 353308.194
61202.656 353297.828
Suspect448
861784.536 464455.305
861786.471 464404.603
Suspect449
436956.761 202250.050
436902.456 202291.383
Suspect450
933795.632 273661.235
933747.591 273688.036
Suspect451
635069.929 876747.878
635045.206 876665.716
Suspect452
873164.717 758040.529
873115.629 757993.029
Suspect453
284867.916 818763.324
284793.205 818804.292
Suspect454
781263.849 434678.524
781199.270 434633.621
Suspect455
725200.244 719830.957
725126.886 719868.206
Suspect456
982648.964 255899.565
982600.668 255947.566
Suspect457
716055.134 566848.331
716044.403 566832.548
Suspect458
331218.546 588168.681
331256.195 588130.493
Suspect459
562269.126 425481.660
562179.031 425465.446
Suspect460
671317.324 846774.896
671222.751 846774.481
Suspect461
95945.613 134144.820
95868.832 134129.055
Suspect462
782562.896 671686.292
782501.236 671677.200
Suspect463
737715.284 711804.237
737768.780 711819.331
Suspect464
726582.257 534250.434
726609.329 534311.950
Suspect465
724794.476 191330.590
724746.539 191390.876
Suspect466
316954.739 259884.066
316916.377 259827.600
Suspect467
475637.593 637999.253
475569.542 638030.844
Suspect468
755929.534 573885.560
756017.231 573873.637
Suspect469
892702.879 10568.499
892745.844 10651.016
Suspect470
910610.926 797024.432
910668.903 797081.022
Suspect471
674273.235 872930.116
674194.443 872888.262
Suspect472
923280.932 486356.106
923257.390 486309.696
Suspect473
900698.109 656293.974
900748.389 656219.271
Suspect474
168083.991 99383.596
168152.805 99430.018
Suspect475
655619.340 872661.165
655672.283 872598.772
Suspect476
70436.852 289980.157
70456.340 290028.154
Suspect477
218764.336 773774.387
218748.345 773829.504
Suspect478
751133.566 985093.749
751140.709 985158.010
Suspect479
342677.755 425064.781
342627.724 424997.281
Suspect480
239696.259 970498.174
239738.315 970584.016
Suspect481
716064.152 566824.649
716067.098 566893.813
Suspect482
875677.515 753641.202
875716.277 753686.728
Suspect483
329427.451 378049.164
329442.274 378122.901
Suspect484
501905.984 830198.835
501998.658 830213.827
Suspect485
219056.868 568825.730
219143.139 568832.379
Suspect486
708904.567 671604.485
708851.659 671600.917
Suspect487
974757.810 829856.151
974711.185 829909.636
Suspect488
154943.641 102866.059
154851.165 102835.004
Suspect489
135236.747 194251.168
135166.773 194202.948
Suspect490
179358.379 375460.755
179453.405 375458.698
Suspect491
796318.773 210214.987
796360.121 210244.798
Suspect492
897225.763 908823.691
897275.809 908857.443
Suspect493
837120.431 290983.415
837059.038 291031.307
Suspect494
31108.898 35886.192
31051.455 35925.091
Suspect495
86977.318 645493.674
86888.285 645486.249
Suspect496
287631.645 939418.405
287577.618 939499.480
Suspect497
452896.754 976587.832
452815.445 976531.860
Suspect498
866144.608 330909.509
866207.355 330940.550
Suspect499
418284.790 94630.868
418230.259 94691.884
